-1.6826765537262 -1.69553518295288 -1.79329824447632 
    -1.80631458759308 -1.8071436882019 -1.80516445636749 
    -1.79151356220245 -1.76993381977081 -1.73106110095978 
    -1.73741555213928 -1.72471523284912 -1.63060331344604 
34.1299362182617 33.7175674438477 33.9307594299316 34.1131401062012 
    34.2568244934082 34.3544540405273 34.4353866577148 34.483715057373 
    34.5093154907227 34.510913848877 34.5059776306152 34.3189811706543 
 6.1535325050354 6.48408842086792 11.9306182861328 
    21.7429275512695 38.2438545227051 122.865844726562 75.3419570922852 
    55.5070915222168 39.6110305786133 27.3990707397461 9.60380172729492 
    6.30194234848022 
-0.00366861093789339 -0.0160475336015224 -0.0136407082900405 
    -0.0131072709336877 -0.00828238110989332 -0.010008430108428 
    -0.00855379551649094 -0.00653119431808591 -0.0086941085755825 
    -0.00495396461337805 -0.0144447842612863 -0.00633415672928095 
-0.00715732853859663 0.0109079768881202 0.0198608245700598 
    0.0287688560783863 0.028223130851984 0.0259144231677055 
    0.0271123945713043 0.0306479800492525 0.0336975418031216 
    0.0225508846342564 0.0182556491345167 0.00504512479528785 
1.28487387396348e-10 1.20017343285816e-10 1.03261586781311e-10 
    1.42269973579801e-10 -1.26969865177351e-10 -3.17431497753873e-10 
    -1.41598524572295e-10 -3.22507840745667e-12 -9.40834146700986e-11 
    1.2018128159319e-10 2.82987883126751e-10 3.14103992815618e-10 
-5.77888792374637e-10 -7.02383040618315e-10 -6.59170606986947e-10 
    -5.76825809339709e-10 -5.8840904371138e-10 -6.36116881391757e-10 
    -6.42221886781869e-10 -6.66958210882029e-10 -7.37423566654627e-10 
    -6.82616463354435e-10 -6.19990281336413e-10 -5.5401827570023e-10 
3.76417112350464 0.413444668054581 -3.54916429519653 
    -1.75012135505676 -4.4271125793457 -8.47627830505371 
    -19.7481708526611 -33.130802154541 -46.7526512145996 -19.572151184082 
    -2.60825204849243 7.11433410644531
