267.850006103516 267.850006103516 267.850006103516 
    267.850006103516 267.850006103516 267.850006103516 267.850006103516 
    267.850006103516 267.850006103516 267.850006103516 267.850006103516 
    267.850006103516 267.850006103516 267.850006103516 267.850006103516 
    267.850006103516 267.850006103516 267.850006103516 267.850006103516 
    267.850006103516 267.820007324219 258.380004882812 240.270004272461 
    240.259994506836 241.259994506836 243.210006713867 239 
    240.740005493164 236.389999389648 232.970001220703 236.300003051758 
    243.020004272461 246.850006103516 261.690002441406 269.100006103516 
    252.020004272461 244.110000610352 244.589996337891 243.100006103516 
    238.289993286133 239.75 237.990005493164 240.169998168945 
    242.649993896484 242.960006713867 249.740005493164 266.179992675781 
    262.160003662109 251.029998779297 250.850006103516 250.669998168945 
    250.5 250.320007324219 250.139999389648 249.960006713867 
    249.779998779297 249.600006103516 249.419998168945 249.25 
    249.029998779297 251.210006713867 261.239990234375 268.380004882812 
    265.910003662109 259.540008544922 269.119995117188 269.880004882812 
    269.679992675781 263.950012207031 254.949996948242 246.940002441406 
    246.770004272461 248.380004882812 269.200012207031 270.570007324219 
    270.220001220703 269.869995117188 269.519989013672 269.170013427734 
    268.820007324219 268.470001220703 268.119995117188 267.769989013672 
    267.420013427734 267.070007324219 266.720001220703 266.369995117188 
    266.019989013672 265.670013427734 265.320007324219 264.970001220703 
    264.619995117188 264.269989013672 263.920013427734 263.570007324219 
    263.220001220703 262.869995117188 262.529998779297 262.179992675781 
    261.829986572266 261.480010986328 261.130004882812 260.779998779297 
    260.429992675781 260.079986572266 259.730010986328 259.380004882812 
    259.029998779297 258.679992675781 258.350006103516 257.649993896484 
    255.210006713867 253 255.050003051758 258.540008544922 
    262.470001220703 261.220001220703 259.660003662109 259.040008544922 
    258.529998779297 257.760009765625 257.269989013672 257.279998779297 
    257.809997558594 256.709991455078 257.230010986328 258.829986572266 
    256.510009765625 258.760009765625 257.529998779297 258.290008544922 
    260.739990234375 259.980010986328 262.100006103516 266.75 
    269.519989013672 260.399993896484 264.790008544922 272.130004882812 
    264.450012207031 263 261.970001220703 261.450012207031 264.25 
    266.160003662109 268.010009765625 268.059997558594 268.059997558594 
    270.019989013672 269.700012207031 267.429992675781 270.75 
    272.450012207031 273.119995117188 272.649993896484 272.709991455078 
    273.380004882812 273.579986572266 273.950012207031 272.200012207031 
    272.010009765625 272.410003662109 272.440002441406 272.829986572266 
    273.109985351562 273.529998779297 272.75 273.130004882812 
    272.299987792969 272.299987792969 272.350006103516 272.350006103516 
    272.350006103516 272.350006103516 272.350006103516 272.350006103516 
    272.350006103516 272.350006103516 272.350006103516 272.350006103516 
    272.350006103516 272.350006103516 272.350006103516 272.350006103516 
    272.350006103516 272.350006103516 272.350006103516 272.350006103516 
    272.350006103516 272.350006103516 272.350006103516 272.350006103516 
    272.350006103516 272.350006103516 272.350006103516 272.350006103516 
    272.350006103516 272.350006103516 272.350006103516 272.350006103516 
    272.350006103516 272.350006103516 272.350006103516 272.350006103516 
    272.350006103516 272.350006103516 272.350006103516 272.350006103516 
    272.350006103516 272.350006103516 272.350006103516 272.350006103516 
    272.350006103516 272.350006103516 272.350006103516 272.350006103516 
    272.350006103516 272.350006103516 272.350006103516 272.350006103516 
    272.350006103516 272.350006103516 272.350006103516 272.350006103516 
    272.350006103516 272.350006103516 272.350006103516 272.350006103516 
    272.350006103516 272.350006103516 272.350006103516 272.350006103516 
    272.350006103516 272.350006103516 272.350006103516 272.350006103516 
    272.350006103516 272.350006103516 272.350006103516 272.350006103516 
    272.350006103516 272.350006103516 272.350006103516 272.350006103516 
    272.350006103516 272.350006103516 272.350006103516 272.350006103516 
    272.350006103516 272.350006103516 272.350006103516 272.350006103516 
    272.350006103516 272.350006103516 272.350006103516 272.350006103516 
    272.350006103516 272.350006103516 272.350006103516 272.350006103516 
    272.350006103516 272.350006103516 272.350006103516 272.350006103516 
    272.350006103516 272.350006103516 272.350006103516 272.350006103516 
    272.350006103516 272.350006103516 272.350006103516 272.350006103516 
    272.350006103516 272.350006103516 272.350006103516 272.350006103516 
    272.350006103516 272.350006103516 272.350006103516 272.350006103516 
    272.350006103516 272.350006103516 272.350006103516 272.350006103516 
    272.350006103516 272.350006103516 272.350006103516 272.350006103516 
    272.350006103516 272.350006103516 272.350006103516 272.350006103516 
    272.350006103516 272.350006103516 272.350006103516 272.350006103516 
    272.350006103516 272.350006103516 272.350006103516 272.350006103516 
    272.350006103516 272.350006103516 272.350006103516 272.350006103516 
    272.350006103516 272.350006103516 272.350006103516 272.350006103516 
    272.350006103516 272.350006103516 272.350006103516 272.350006103516 
    272.350006103516 272.350006103516 272.350006103516 272.350006103516 
    272.350006103516 272.350006103516 272.350006103516 272.350006103516 
    272.350006103516 272.350006103516 272.350006103516 272.350006103516 
    272.350006103516 272.350006103516 272.350006103516 272.350006103516 
    272.350006103516 272.350006103516 272.350006103516 272.350006103516 
    272.350006103516 272.350006103516 272.350006103516 272.350006103516 
    272.350006103516 272.350006103516 272.350006103516 272.350006103516 
    272.350006103516 272.350006103516 272.350006103516 272.350006103516 
    272.350006103516 272.350006103516 272.350006103516 272.350006103516 
    272.350006103516 272.350006103516 272.350006103516 272.350006103516 
    272.350006103516 272.350006103516 272.350006103516 272.350006103516 
    272.350006103516 272.350006103516 272.350006103516 272.350006103516 
    272.350006103516 272.350006103516 272.350006103516 272.350006103516 
    272.350006103516 272.350006103516 ;
0.00241580093279481 0.00241580093279481 0.00241580093279481 
    0.00241580093279481 0.00241580093279481 0.00241580093279481 
    0.00241580093279481 0.00241580093279481 0.00241580093279481 
    0.00241580093279481 0.00241580093279481 0.00241580093279481 
    0.00241580093279481 0.00241580093279481 0.00241580093279481 
    0.00241580093279481 0.00241580093279481 0.00241580093279481 
    0.00241580093279481 0.00241580093279481 0.00240647094324231 
    0.00140850199386477 0.000174665357917547 0.000170918719959445 
    0.000189093494554982 0.000231552388868295 0.00014847592683509 
    0.000182683594175614 0.000114145004772581 7.4972485890612e-05 
    0.000109346219687723 0.000226528165512718 0.000337823817972094 
    0.00151812296826392 0.00279545993544161 0.000823335023596883 
    0.000263527675997466 0.000274984602583572 0.000231203026487492 
    0.000142954915645532 0.000167818230693229 0.000140948352054693 
    0.000183485390152782 0.00022752488439437 0.000228640783461742 
    0.000612696108873934 0.00223919074051082 0.00185722741298378 
    0.000527680094819516 0.000517999695148319 0.000508319295477122 
    0.000498638895805925 0.000488958437927067 0.00047927803825587 
    0.000469597638584673 0.000459917209809646 0.000450236810138449 
    0.000440556381363422 0.000430875981692225 0.000421056756749749 
    0.000535570201463997 0.00138367572799325 0.00255798222497106 
    0.00208654161542654 0.00124025950208306 0.00278038252145052 
    0.00297521078027785 0.00295120221562684 0.00186183210462332 
    0.000762661918997765 0.000362679711543024 0.000353394803823903 
    0.000451079627964646 0.00285272253677249 0.00316149764694273 
    0.00309264985844493 0.00302380206994712 0.00295495428144932 
    0.00288610672578216 0.00281725893728435 0.00274841114878654 
    0.00267956336028874 0.00261071557179093 0.00254186778329313 
    0.00247301999479532 0.00240417220629752 0.00233532441779971 
    0.00226647662930191 0.0021976288408041 0.00212878128513694 
    0.00205993349663913 0.00199108570814133 0.00192223791964352 
    0.00185339013114572 0.00178454234264791 0.0017156945541501 
    0.0016468467656523 0.00157799909356982 0.00150915130507201 
    0.0014403035165742 0.0013714557280764 0.00130260793957859 
    0.00123376026749611 0.0011649124789983 0.0010960646905005 
    0.00102721690200269 0.000958369171712548 0.000889521383214742 
    0.000820673594716936 0.0007872607675381 0.000713480345439166 
    0.000592174765188247 0.000590402050875127 0.000686296203639358 
    0.000995961017906666 0.00139790214598179 0.00120967929251492 
    0.00105722097214311 0.00100846984423697 0.000962470832746476 
    0.000964577426202595 0.000919785525184125 0.000926494540181011 
    0.000899513950571418 0.000828317366540432 0.000820905202999711 
    0.00100079202093184 0.000818982720375061 0.000987157691270113 
    0.000903472828213125 0.000994276721030474 0.00122875580564141 
    0.00110810599289834 0.00137779139913619 0.00213626376353204 
    0.00272826524451375 0.00115673302207142 0.0017156422836706 
    0.00330714113079011 0.00175532151479274 0.00150646397378296 
    0.00128133816178888 0.00119517790153623 0.00155752256978303 
    0.0019065608503297 0.00229607988148928 0.00221500638872385 
    0.00226760911755264 0.00276895496062934 0.00276703666895628 
    0.00231106602586806 0.00291330670006573 0.00332320621237159 
    0.003562749363482 0.0033511568326503 0.00339242443442345 
    0.00352463126182556 0.00361601519398391 0.00365038169547915 
    0.0033309783320874 0.00330712390132248 0.00321722077205777 
    0.0032741604372859 0.00350942625664175 0.00357106584124267 
    0.00363292009569705 0.00357864098623395 0.00371129694394767 
    0.00344937294721603 0.00335584813728929 0.0033558658324182 
    0.0033558658324182 0.0033558658324182 0.0033558658324182 
    0.0033558658324182 0.0033558658324182 0.0033558658324182 
    0.0033558658324182 0.0033558658324182 0.0033558658324182 
    0.0033558658324182 0.0033558658324182 0.0033558658324182 
    0.0033558658324182 0.0033558658324182 0.0033558658324182 
    0.0033558658324182 0.0033558658324182 0.0033558658324182 
    0.0033558658324182 0.0033558658324182 0.0033558658324182 
    0.0033558658324182 0.0033558658324182 0.0033558658324182 
    0.0033558658324182 0.0033558658324182 0.0033558658324182 
    0.0033558658324182 0.0033558658324182 0.0033558658324182 
    0.0033558658324182 0.0033558658324182 0.0033558658324182 
    0.0033558658324182 0.0033558658324182 0.0033558658324182 
    0.0033558658324182 0.0033558658324182 0.0033558658324182 
    0.0033558658324182 0.0033558658324182 0.0033558658324182 
    0.0033558658324182 0.0033558658324182 0.0033558658324182 
    0.0033558658324182 0.0033558658324182 0.0033558658324182 
    0.0033558658324182 0.0033558658324182 0.0033558658324182 
    0.0033558658324182 0.0033558658324182 0.0033558658324182 
    0.0033558658324182 0.0033558658324182 0.0033558658324182 
    0.0033558658324182 0.0033558658324182 0.0033558658324182 
    0.0033558658324182 0.0033558658324182 0.0033558658324182 
    0.0033558658324182 0.0033558658324182 0.0033558658324182 
    0.0033558658324182 0.0033558658324182 0.0033558658324182 
    0.0033558658324182 0.0033558658324182 0.0033558658324182 
    0.0033558658324182 0.0033558658324182 0.0033558658324182 
    0.0033558658324182 0.0033558658324182 0.0033558658324182 
    0.0033558658324182 0.0033558658324182 0.0033558658324182 
    0.0033558658324182 0.0033558658324182 0.0033558658324182 
    0.0033558658324182 0.0033558658324182 0.0033558658324182 
    0.0033558658324182 0.0033558658324182 0.0033558658324182 
    0.0033558658324182 0.0033558658324182 0.0033558658324182 
    0.0033558658324182 0.0033558658324182 0.0033558658324182 
    0.0033558658324182 0.0033558658324182 0.0033558658324182 
    0.0033558658324182 0.0033558658324182 0.0033558658324182 
    0.0033558658324182 0.0033558658324182 0.0033558658324182 
    0.0033558658324182 0.0033558658324182 0.0033558658324182 
    0.0033558658324182 0.0033558658324182 0.0033558658324182 
    0.0033558658324182 0.0033558658324182 0.0033558658324182 
    0.0033558658324182 0.0033558658324182 0.0033558658324182 
    0.0033558658324182 0.0033558658324182 0.0033558658324182 
    0.0033558658324182 0.0033558658324182 0.0033558658324182 
    0.0033558658324182 0.0033558658324182 0.0033558658324182 
    0.0033558658324182 0.0033558658324182 0.0033558658324182 
    0.0033558658324182 0.0033558658324182 0.0033558658324182 
    0.0033558658324182 0.0033558658324182 0.0033558658324182 
    0.0033558658324182 0.0033558658324182 0.0033558658324182 
    0.0033558658324182 0.0033558658324182 0.0033558658324182 
    0.0033558658324182 0.0033558658324182 0.0033558658324182 
    0.0033558658324182 0.0033558658324182 0.0033558658324182 
    0.0033558658324182 0.0033558658324182 0.0033558658324182 
    0.0033558658324182 0.0033558658324182 0.0033558658324182 
    0.0033558658324182 0.0033558658324182 0.0033558658324182 
    0.0033558658324182 0.0033558658324182 0.0033558658324182 
    0.0033558658324182 0.0033558658324182 0.0033558658324182 
    0.0033558658324182 0.0033558658324182 0.0033558658324182 
    0.0033558658324182 0.0033558658324182 0.0033558658324182 
    0.0033558658324182 0.0033558658324182 0.0033558658324182 
    0.0033558658324182 0.0033558658324182 0.0033558658324182 
    0.0033558658324182 0.0033558658324182 0.0033558658324182 
    0.0033558658324182 0.0033558658324182 0.0033558658324182 
    0.0033558658324182 0.0033558658324182 0.0033558658324182 
    0.0033558658324182 0.0033558658324182 0.0033558658324182 
    0.0033558658324182 0.0033558658324182 0.0033558658324182 
    0.0033558658324182 0.0033558658324182 0.0033558658324182 
    0.0033558658324182 0.0033558658324182 0.0033558658324182 ;
0 0 0 0 0 0 0 0 0 0 0 0 0 0 0 0 0 0 0 0 0 0 0 
    0 0 0 0 0 0 0 0 0 0 0 0 0 0 0 0 0 0 0 0 0 0 0 0 
    0 0 0 0 0 0 0 0 0 0 0 0 0 0 0 0 0 0 0 0 0 0 0 0 
    0 0 0 0 0 0 0 0 0 0 0 0 0 0 0 0 0 0 0 0 0 0 0 0 
    0 0 0 0 0 0 0 0 0 0 0 0 0 0 0 0 0 0 0 0 0 0 0 0 
    0 0 0 0 0 0 0 0 0 0 0 0 0 0 0 0 0 0 0 0 0 0 0 0 
    0 0 0 0 0 0 0 0 0 0 0 0 0 0 0 0 0 0 0 0 0 0 0 0 
    0 0 0 0 0 0 0 0 0 0 0 0 0 0 0 0 0 0 0 0 0 0 0 0 
    0 0 0 0 0 0 0 0 0 0.270579993724823 0.0399230010807514 0 0 
    0 0 0 0 0 0 0 0 0 0 0 0 0 0 0 0 0 0 0 0 0 0 0 0 
    0 0 0 0 0 0 0 0 0 0 0 0 0 0 0 0 0 0 0 0 
    2.87360000610352 0.722989976406097 0 0 4.21710014343262 
    1.58480000495911 0 0 5.06599998474121 1.71979999542236 0 0 
    6.86110019683838 1.78320002555847 0 0 8.83250045776367 
    2.75349998474121 0 0 7.86619997024536 2.96040010452271 0 
    0.0298859998583794 7.68940019607544 3.91820001602173 0 
    0.0502879992127419 14.625 6.36579990386963 0 0.148320004343987 
    22.0559997558594 7.14909982681274 0 0.33144998550415 
    27.3899993896484 12.0369997024536 0 0.710720002651215 
    27.6240005493164 15.3489999771118 0 0.539759993553162 
    39.0089988708496 18.2900009155273 0 0.332619994878769 
    25.7800006866455 17.7530002593994 0 1.14100003242493 
    30.5699996948242 13.8970003128052 0 2.4103000164032 64.4929962158203 
    27.8269996643066 0.439190000295639 2.18179988861084 4.01049995422363 
    5.83920001983643 7.66790008544922 9.49670028686523 11.3249998092651 
    13.1540002822876 14.9829998016357 16.8120002746582 18.6399993896484 
    20.4689998626709 22.2980003356934 24.1259994506836 25.9549999237061 
    27.7840003967285 29.613000869751 31.4409999847412 33.2700004577637 
    35.0989990234375 36.9280014038086 38.7560005187988 40.5849990844727 
    42.4140014648438 44.242000579834 46.0709991455078 47.9000015258789 
    49.7290000915527 51.556999206543 53.3860015869141 55.2150001525879 
    57.0439987182617 58.8720016479492 60.701000213623 62.5299987792969 
    64.3580017089844 66.1869964599609 68.015998840332 69.8450012207031 
    71.6729965209961 73.5019989013672 75.3310012817383 77.1589965820312 
    78.9879989624023 80.8170013427734 82.6460037231445 84.4739990234375 
    86.3030014038086 88.1320037841797 89.9609985351562 91.7890014648438 
    93.6179962158203 95.4469985961914 97.2750015258789 99.1039962768555 
    100.930000305176 102.76000213623 104.589996337891 106.419998168945 
    108.25 110.080001831055 111.910003662109 113.730003356934 
    115.559997558594 117.389999389648 119.220001220703 121.050003051758 
    122.879997253418 124.709999084473 126.540000915527 128.360000610352 
    130.190002441406 132.020004272461 133.850006103516 135.679992675781 
    137.509994506836 139.339996337891 141.160003662109 142.990005493164 
    144.820007324219 146.649993896484 148.479995727539 150.309997558594 
    152.139999389648 153.970001220703 155.789993286133 157.619995117188 
    159.449996948242 161.279998779297 163.110000610352 164.940002441406 
    166.770004272461 168.600006103516 170.419998168945 172.25 
    174.080001831055 175.910003662109 177.740005493164 179.570007324219 
    181.399993896484 183.229995727539 185.050003051758 186.880004882812 
    188.710006713867 190.539993286133 192.369995117188 194.199996948242 
    196.029998779297 197.860000610352 199.679992675781 201.509994506836 
    203.339996337891 205.169998168945 207 208.830001831055 
    210.660003662109 212.490005493164 214.309997558594 216.139999389648 
    217.970001220703 219.800003051758 221.630004882812 223.460006713867 
    225.289993286133 227.110000610352 228.940002441406 230.770004272461 
    232.600006103516 234.429992675781 236.259994506836 238.089996337891 
    239.919998168945 241.740005493164 243.570007324219 245.399993896484 
    247.229995727539 249.059997558594 250.889999389648 252.720001220703 
    254.550003051758 256.369995117188 258.200012207031 260.029998779297 
    261.859985351562 263.690002441406 265.519989013672 267.350006103516 
    209.919998168945 52.1879997253418 105.48999786377 323.279998779297 
    279.890014648438 97.338996887207 144.580001831055 254.220001220703 
    177.160003662109 61.5449981689453 71.6689987182617 162.75 
    168.100006103516 61.4959983825684 81.0210037231445 237.960006713867 
    283.019989013672 107.309997558594 149.919998168945 334.619995117188 
    182.460006713867 62.4210014343262 98.2220001220703 232.509994506836 
    213.860000610352 78.2379989624023 119.379997253418 344.799987792969 
    296.239990234375 80.1460037231445 97.9499969482422 237.199996948242 
    212.330001831055 72.3860015869141 90.125 228.490005493164 
    205.690002441406 72.1689987182617 104.099998474121 260.799987792969 
    190.839996337891 63.4809989929199 98.5459976196289 227.380004882812 
    242 81.0479965209961 126.449996948242 279.359985351562 
    339.579986572266 105.610000610352 117.73999786377 384 
    339.959991455078 105.550003051758 109.370002746582 255.160003662109 
    231.419998168945 101.419998168945 189.070007324219 418.700012207031 
    372.829986572266 115.680000305176 117.900001525879 266.809997558594 
    247.139999389648 132.580001831055 136.210006713867 316.220001220703 
    300.190002441406 146.970001220703 133.600006103516 317.149993896484 
    370.980010986328 119.069999694824 135.259994506836 424.049987792969 
    402.019989013672 150.860000610352 136.440002441406 304.109985351562 
    268.100006103516 109.26000213623 132.520004272461 321.269989013672 
    291.600006103516 125.830001831055 133.869995117188 263.450012207031 
    249.509994506836 106.089996337891 117.970001220703 269.290008544922 
    266.079986572266 120.459999084473 152.770004272461 331.279998779297 
    291.410003662109 123.75 149.580001831055 349.380004882812 
    257.769989013672 140.25 145.660003662109 324.269989013672 
    298.950012207031 133.850006103516 153.029998779297 338.380004882812 
    345.880004882812 138.970001220703 161.869995117188 329.100006103516 
    283 116.769996643066 133.850006103516 318.410003662109 
    441.869995117188 222.869995117188 262.579986572266 499.869995117188 
    459.290008544922 230.020004272461 246.080001831055 466.959991455078 
    407.799987792969 189.979995727539 158.740005493164 339.359985351562 
    309.149993896484 138.360000610352 143.279998779297 330.040008544922 
    315.619995117188 119.779998779297 155.419998168945 466.859985351562 
    309.890014648438 131.710006713867 195.419998168945 355.910003662109 
    316.519989013672 117.51000213623 148.550003051758 326.399993896484 
    316.700012207031 163.059997558594 185.139999389648 328.700012207031 
    309.709991455078 145.059997558594 196.110000610352 383.579986572266 
    344.070007324219 164.179992675781 173.279998779297 406.660003662109 
    374.480010986328 140.820007324219 181.800003051758 305.920013427734 
    317.380004882812 129.710006713867 132.529998779297 309.429992675781 
    297.260009765625 154.229995727539 119.919998168945 331.230010986328 
    321.239990234375 123.900001525879 132.479995727539 215.619995117188 
    318.269989013672 301.850006103516 285.440002441406 269.019989013672 
    252.600006103516 236.190002441406 219.770004272461 203.360000610352 
    186.940002441406 155.050003051758 170.130004882812 351.510009765625 
    287.660003662109 156.160003662109 168.229995727539 325.809997558594 
    278.339996337891 126.769996643066 167.410003662109 364.809997558594 
    302.600006103516 145.059997558594 168.759994506836 340.670013427734 
    367.440002441406 147.199996948242 133.059997558594 269.980010986328 
    236.360000610352 112.98999786377 125.529998779297 294.170013427734 
    302.429992675781 186.600006103516 140.619995117188 375.619995117188 
    473.209991455078 267.619995117188 296.429992675781 516.159973144531 
    472.540008544922 172.440002441406 140.630004882812 310.880004882812 
    271.390014648438 139.410003662109 165.410003662109 317.100006103516 
    306.070007324219 116.519996643066 151.360000610352 340.369995117188 
    319.980010986328 104.019996643066 118.699996948242 165.720001220703 
    165.720001220703 165.720001220703 165.720001220703 165.720001220703 
    165.720001220703 165.720001220703 165.720001220703 165.720001220703 
    165.720001220703 165.720001220703 165.720001220703 165.720001220703 
    165.720001220703 165.720001220703 165.720001220703 165.720001220703 
    165.720001220703 165.720001220703 165.720001220703 165.720001220703 
    165.720001220703 165.720001220703 165.720001220703 165.720001220703 
    165.720001220703 165.720001220703 165.720001220703 165.720001220703 
    165.720001220703 165.720001220703 165.720001220703 165.720001220703 
    165.720001220703 165.720001220703 165.720001220703 165.720001220703 
    165.720001220703 165.720001220703 165.720001220703 165.720001220703 
    165.720001220703 165.720001220703 165.720001220703 165.720001220703 
    165.720001220703 165.720001220703 165.720001220703 165.720001220703 
    165.720001220703 165.720001220703 165.720001220703 165.720001220703 
    165.720001220703 165.720001220703 165.720001220703 165.720001220703 
    165.720001220703 165.720001220703 165.720001220703 165.720001220703 
    165.720001220703 165.720001220703 165.720001220703 165.720001220703 
    165.720001220703 165.720001220703 165.720001220703 165.720001220703 
    165.720001220703 165.720001220703 165.720001220703 165.720001220703 
    165.720001220703 165.720001220703 165.720001220703 165.720001220703 
    165.720001220703 165.720001220703 165.720001220703 165.720001220703 
    165.720001220703 165.720001220703 165.720001220703 165.720001220703 
    165.720001220703 165.720001220703 165.720001220703 165.720001220703 
    165.720001220703 165.720001220703 165.720001220703 165.720001220703 
    165.720001220703 165.720001220703 165.720001220703 165.720001220703 
    165.720001220703 165.720001220703 165.720001220703 165.720001220703 
    165.720001220703 165.720001220703 165.720001220703 165.720001220703 
    165.720001220703 165.720001220703 165.720001220703 165.720001220703 
    165.720001220703 165.720001220703 165.720001220703 165.720001220703 
    165.720001220703 165.720001220703 165.720001220703 165.720001220703 
    165.720001220703 165.720001220703 165.720001220703 165.720001220703 
    165.720001220703 165.720001220703 165.720001220703 165.720001220703 
    165.720001220703 165.720001220703 165.720001220703 165.720001220703 
    165.720001220703 165.720001220703 165.720001220703 165.720001220703 
    165.720001220703 165.720001220703 165.720001220703 165.720001220703 
    165.720001220703 165.720001220703 165.720001220703 165.720001220703 
    165.720001220703 165.720001220703 165.720001220703 165.720001220703 
    165.720001220703 165.720001220703 165.720001220703 165.720001220703 
    165.720001220703 165.720001220703 165.720001220703 165.720001220703 
    165.720001220703 165.720001220703 165.720001220703 165.720001220703 
    165.720001220703 165.720001220703 165.720001220703 165.720001220703 
    165.720001220703 165.720001220703 165.720001220703 165.720001220703 
    165.720001220703 165.720001220703 165.720001220703 165.720001220703 
    165.720001220703 165.720001220703 165.720001220703 165.720001220703 
    165.720001220703 165.720001220703 165.720001220703 165.720001220703 
    165.720001220703 165.720001220703 165.720001220703 165.720001220703 
    165.720001220703 165.720001220703 165.720001220703 165.720001220703 
    165.720001220703 165.720001220703 165.720001220703 165.720001220703 
    165.720001220703 165.720001220703 165.720001220703 165.720001220703 
    165.720001220703 165.720001220703 165.720001220703 165.720001220703 
    165.720001220703 165.720001220703 165.720001220703 165.720001220703 
    165.720001220703 165.720001220703 165.720001220703 165.720001220703 
    165.720001220703 165.720001220703 165.720001220703 165.720001220703 
    165.720001220703 165.720001220703 165.720001220703 165.720001220703 
    165.720001220703 165.720001220703 165.720001220703 165.720001220703 
    165.720001220703 165.720001220703 165.720001220703 165.720001220703 
    165.720001220703 165.720001220703 165.720001220703 165.720001220703 
    165.720001220703 165.720001220703 165.720001220703 165.720001220703 
    165.720001220703 165.720001220703 165.720001220703 165.720001220703 
    165.720001220703 165.720001220703 165.720001220703 165.720001220703 
    165.720001220703 165.720001220703 165.720001220703 165.720001220703 
    165.720001220703 165.720001220703 165.720001220703 165.720001220703 
    165.720001220703 165.720001220703 165.720001220703 165.720001220703 
    165.720001220703 165.720001220703 165.720001220703 165.720001220703 
    165.720001220703 165.720001220703 165.720001220703 165.720001220703 
    165.720001220703 165.720001220703 165.720001220703 165.720001220703 
    165.720001220703 165.720001220703 165.720001220703 165.720001220703 
    165.720001220703 165.720001220703 165.720001220703 165.720001220703 
    165.720001220703 165.720001220703 165.720001220703 165.720001220703 
    165.720001220703 165.720001220703 165.720001220703 165.720001220703 
    165.720001220703 165.720001220703 165.720001220703 165.720001220703 
    165.720001220703 165.720001220703 165.720001220703 165.720001220703 
    165.720001220703 165.720001220703 165.720001220703 165.720001220703 
    165.720001220703 165.720001220703 165.720001220703 165.720001220703 
    165.720001220703 165.720001220703 165.720001220703 165.720001220703 
    165.720001220703 165.720001220703 165.720001220703 165.720001220703 
    165.720001220703 165.720001220703 165.720001220703 165.720001220703 
    165.720001220703 165.720001220703 165.720001220703 165.720001220703 
    165.720001220703 165.720001220703 165.720001220703 165.720001220703 
    165.720001220703 165.720001220703 165.720001220703 165.720001220703 
    165.720001220703 165.720001220703 165.720001220703 165.720001220703 
    165.720001220703 165.720001220703 165.720001220703 165.720001220703 
    165.720001220703 165.720001220703 165.720001220703 165.720001220703 
    165.720001220703 165.720001220703 165.720001220703 165.720001220703 
    165.720001220703 165.720001220703 165.720001220703 165.720001220703 
    165.720001220703 165.720001220703 165.720001220703 165.720001220703 
    165.720001220703 165.720001220703 165.720001220703 165.720001220703 
    165.720001220703 165.720001220703 165.720001220703 165.720001220703 
    165.720001220703 165.720001220703 165.720001220703 165.720001220703 
    165.720001220703 165.720001220703 165.720001220703 165.720001220703 
    165.720001220703 165.720001220703 165.720001220703 165.720001220703 
    165.720001220703 165.720001220703 165.720001220703 165.720001220703 
    165.720001220703 165.720001220703 165.720001220703 165.720001220703 
    165.720001220703 165.720001220703 165.720001220703 165.720001220703 
    165.720001220703 165.720001220703 165.720001220703 165.720001220703 
    165.720001220703 165.720001220703 165.720001220703 165.720001220703 
    165.720001220703 165.720001220703 165.720001220703 165.720001220703 
    165.720001220703 165.720001220703 165.720001220703 165.720001220703 
    165.720001220703 165.720001220703 165.720001220703 165.720001220703 
    165.720001220703 165.720001220703 165.720001220703 165.720001220703 
    165.720001220703 165.720001220703 165.720001220703 165.720001220703 
    165.720001220703 165.720001220703 165.720001220703 165.720001220703 
    165.720001220703 165.720001220703 165.720001220703 165.720001220703 
    165.720001220703 165.720001220703 165.720001220703 165.720001220703 
    165.720001220703 165.720001220703 165.720001220703 165.720001220703 
    165.720001220703 165.720001220703 165.720001220703 165.720001220703 
    165.720001220703 165.720001220703 165.720001220703 165.720001220703 
    165.720001220703 165.720001220703 165.720001220703 165.720001220703 
    165.720001220703 165.720001220703 165.720001220703 165.720001220703 
    165.720001220703 165.720001220703 165.720001220703 165.720001220703 
    165.720001220703 165.720001220703 165.720001220703 165.720001220703 
    165.720001220703 165.720001220703 165.720001220703 165.720001220703 
    165.720001220703 165.720001220703 165.720001220703 165.720001220703 
    165.720001220703 165.720001220703 165.720001220703 165.720001220703 
    165.720001220703 165.720001220703 165.720001220703 165.720001220703 
    165.720001220703 165.720001220703 165.720001220703 165.720001220703 
    165.720001220703 165.720001220703 165.720001220703 165.720001220703 
    165.720001220703 165.720001220703 165.720001220703 165.720001220703 
    165.720001220703 165.720001220703 165.720001220703 165.720001220703 
    165.720001220703 165.720001220703 165.720001220703 165.720001220703 
    165.720001220703 165.720001220703 165.720001220703 165.720001220703 
    165.720001220703 165.720001220703 165.720001220703 165.720001220703 
    165.720001220703 165.720001220703 165.720001220703 165.720001220703 
    165.720001220703 165.720001220703 165.720001220703 165.720001220703 
    165.720001220703 165.720001220703 165.720001220703 165.720001220703 
    165.720001220703 165.720001220703 165.720001220703 165.720001220703 
    165.720001220703 165.720001220703 165.720001220703 165.720001220703 
    165.720001220703 165.720001220703 165.720001220703 165.720001220703 
    165.720001220703 165.720001220703 165.720001220703 165.720001220703 
    165.720001220703 165.720001220703 165.720001220703 165.720001220703 
    165.720001220703 165.720001220703 165.720001220703 165.720001220703 
    165.720001220703 165.720001220703 165.720001220703 165.720001220703 
    165.720001220703 165.720001220703 165.720001220703 165.720001220703 
    165.720001220703 165.720001220703 165.720001220703 165.720001220703 
    165.720001220703 165.720001220703 165.720001220703 165.720001220703 
    165.720001220703 165.720001220703 165.720001220703 165.720001220703 
    165.720001220703 165.720001220703 165.720001220703 165.720001220703 
    165.720001220703 165.720001220703 165.720001220703 165.720001220703 
    165.720001220703 165.720001220703 165.720001220703 165.720001220703 
    165.720001220703 165.720001220703 165.720001220703 165.720001220703 
    165.720001220703 165.720001220703 165.720001220703 165.720001220703 
    165.720001220703 165.720001220703 165.720001220703 165.720001220703 
    165.720001220703 165.720001220703 165.720001220703 165.720001220703 
    165.720001220703 165.720001220703 165.720001220703 165.720001220703 
    165.720001220703 165.720001220703 165.720001220703 165.720001220703 
    165.720001220703 165.720001220703 165.720001220703 165.720001220703 
    165.720001220703 165.720001220703 165.720001220703 165.720001220703 
    165.720001220703 165.720001220703 165.720001220703 165.720001220703 
    165.720001220703 165.720001220703 165.720001220703 165.720001220703 
    165.720001220703 165.720001220703 165.720001220703 165.720001220703 
    165.720001220703 165.720001220703 165.720001220703 165.720001220703 
    165.720001220703 165.720001220703 165.720001220703 165.720001220703 
    165.720001220703 165.720001220703 165.720001220703 165.720001220703 
    165.720001220703 165.720001220703 165.720001220703 165.720001220703 
    165.720001220703 165.720001220703 165.720001220703 165.720001220703 
    165.720001220703 165.720001220703 165.720001220703 165.720001220703 
    165.720001220703 165.720001220703 165.720001220703 165.720001220703 
    165.720001220703 165.720001220703 165.720001220703 165.720001220703 
    165.720001220703 165.720001220703 165.720001220703 165.720001220703 
    165.720001220703 165.720001220703 165.720001220703 165.720001220703 
    165.720001220703 165.720001220703 165.720001220703 165.720001220703 
    165.720001220703 165.720001220703 165.720001220703 165.720001220703 
    165.720001220703 165.720001220703 165.720001220703 165.720001220703 
    165.720001220703 165.720001220703 165.720001220703 165.720001220703 
    165.720001220703 165.720001220703 165.720001220703 165.720001220703 
    165.720001220703 165.720001220703 165.720001220703 165.720001220703 
    165.720001220703 165.720001220703 165.720001220703 165.720001220703 
    165.720001220703 165.720001220703 165.720001220703 165.720001220703 
    165.720001220703 165.720001220703 165.720001220703 165.720001220703 
    165.720001220703 165.720001220703 165.720001220703 165.720001220703 
    165.720001220703 165.720001220703 165.720001220703 165.720001220703 
    165.720001220703 165.720001220703 165.720001220703 165.720001220703 
    165.720001220703 165.720001220703 165.720001220703 165.720001220703 
    165.720001220703 165.720001220703 165.720001220703 165.720001220703 
    165.720001220703 165.720001220703 165.720001220703 165.720001220703 
    165.720001220703 165.720001220703 165.720001220703 165.720001220703 
    165.720001220703 165.720001220703 165.720001220703 165.720001220703 
    165.720001220703 165.720001220703 165.720001220703 165.720001220703 
    165.720001220703 165.720001220703 165.720001220703 165.720001220703 
    165.720001220703 165.720001220703 165.720001220703 165.720001220703 
    165.720001220703 165.720001220703 165.720001220703 165.720001220703 
    165.720001220703 165.720001220703 165.720001220703 165.720001220703 
    165.720001220703 165.720001220703 165.720001220703 165.720001220703 
    165.720001220703 165.720001220703 165.720001220703 165.720001220703 
    165.720001220703 165.720001220703 165.720001220703 165.720001220703 
    165.720001220703 165.720001220703 165.720001220703 165.720001220703 
    165.720001220703 165.720001220703 165.720001220703 165.720001220703 
    165.720001220703 165.720001220703 165.720001220703 165.720001220703 
    165.720001220703 165.720001220703 165.720001220703 165.720001220703 
    165.720001220703 165.720001220703 165.720001220703 165.720001220703 
    165.720001220703 165.720001220703 165.720001220703 165.720001220703 
    165.720001220703 165.720001220703 165.720001220703 165.720001220703 
    165.720001220703 165.720001220703 165.720001220703 165.720001220703 
    165.720001220703 165.720001220703 165.720001220703 165.720001220703 
    165.720001220703 165.720001220703 165.720001220703 165.720001220703 
    165.720001220703 165.720001220703 165.720001220703 165.720001220703 
    165.720001220703 165.720001220703 165.720001220703 ;
285.970001220703 285.970001220703 285.970001220703 
    285.970001220703 285.970001220703 285.970001220703 285.970001220703 
    285.970001220703 285.970001220703 285.970001220703 285.970001220703 
    285.970001220703 285.970001220703 285.970001220703 285.970001220703 
    285.970001220703 285.970001220703 285.970001220703 285.970001220703 
    285.970001220703 285.970001220703 285.970001220703 285.970001220703 
    285.970001220703 285.970001220703 285.970001220703 285.970001220703 
    285.970001220703 285.970001220703 285.970001220703 285.970001220703 
    285.970001220703 285.970001220703 285.970001220703 285.970001220703 
    285.970001220703 285.970001220703 285.970001220703 285.970001220703 
    285.970001220703 285.970001220703 285.970001220703 285.970001220703 
    285.970001220703 285.970001220703 285.970001220703 285.970001220703 
    285.970001220703 285.970001220703 285.970001220703 285.970001220703 
    285.970001220703 285.970001220703 285.970001220703 285.970001220703 
    285.970001220703 285.970001220703 285.970001220703 285.970001220703 
    285.970001220703 285.970001220703 285.970001220703 285.970001220703 
    285.970001220703 285.970001220703 285.970001220703 285.970001220703 
    285.970001220703 285.970001220703 285.970001220703 285.970001220703 
    285.970001220703 285.970001220703 285.970001220703 285.970001220703 
    285.970001220703 285.970001220703 285.970001220703 285.970001220703 
    285.970001220703 285.970001220703 285.970001220703 285.970001220703 
    285.970001220703 285.970001220703 285.970001220703 283.75 
    242.940002441406 290.410003662109 229.570007324219 200.059997558594 
    154.860000610352 144.089996337891 159.380004882812 145.880004882812 
    157.949996948242 165.089996337891 145.529998779297 142.449996948242 
    140.960006713867 142.199996948242 142.460006713867 157.550003051758 
    162.199996948242 142.889999389648 147.960006713867 143.199996948242 
    137.630004882812 137.589996337891 137.860000610352 135.5 
    138.919998168945 161.770004272461 182.210006713867 157.210006713867 
    136.020004272461 130 123.029998779297 120.220001220703 
    118.610000610352 118.129997253418 119.669998168945 123.809997558594 
    138.050003051758 134.300003051758 128.080001831055 128.289993286133 
    129.600006103516 131.360000610352 133.050003051758 135.889999389648 
    144.410003662109 151.75 158.990005493164 158.789993286133 
    217.169998168945 245.339996337891 245.059997558594 278.170013427734 
    283.049987792969 298.809997558594 290.369995117188 295.769989013672 
    282.230010986328 237.779998779297 214.889999389648 212.130004882812 
    189.399993896484 187.229995727539 190.309997558594 193.759994506836 
    195.729995727539 200.240005493164 197.259994506836 161.149993896484 
    157.179992675781 159.610000610352 140.100006103516 128.589996337891 
    123.269996643066 117.400001525879 121.080001831055 121.550003051758 
    121.900001525879 130.279998779297 123.559997558594 122.199996948242 
    121.029998779297 121.98999786377 121.940002441406 120.349998474121 
    123.690002441406 130.360000610352 132.270004272461 155.809997558594 
    167 132.179992675781 137.210006713867 123.76000213623 
    122.01000213623 121.809997558594 131.210006713867 130.800003051758 
    131.289993286133 153.550003051758 221.619995117188 258.510009765625 
    264.350006103516 284.260009765625 291.359985351562 307.119995117188 
    283.630004882812 275.679992675781 227.490005493164 186.460006713867 
    169.960006713867 162.220001220703 167.580001831055 163.479995727539 
    170.389999389648 182.899993896484 185.240005493164 185.580001831055 
    185.029998779297 184.490005493164 183.940002441406 183.399993896484 
    182.850006103516 182.309997558594 181.759994506836 181.220001220703 
    180.679992675781 180.130004882812 179.589996337891 179.039993286133 
    178.5 177.949996948242 177.410003662109 176.860000610352 
    176.320007324219 175.770004272461 175.229995727539 174.690002441406 
    174.139999389648 173.600006103516 173.050003051758 172.509994506836 
    171.960006713867 171.419998168945 170.869995117188 170.330001831055 
    169.779998779297 169.240005493164 168.690002441406 168.149993896484 
    167.610000610352 167.059997558594 166.520004272461 165.970001220703 
    165.429992675781 164.880004882812 164.339996337891 163.789993286133 
    163.25 162.699996948242 160.860000610352 163.270004272461 
    184.839996337891 253.880004882812 269.260009765625 280.070007324219 
    294.450012207031 289.440002441406 289.619995117188 290.320007324219 
    279.709991455078 249.300003051758 277.890014648438 270.209991455078 
    211.610000610352 221.289993286133 261.010009765625 276.559997558594 
    296.100006103516 293.779998779297 291.779998779297 285.420013427734 
    290.619995117188 293.570007324219 292.809997558594 297.640014648438 
    302.600006103516 296.179992675781 291.609985351562 278.660003662109 
    283.510009765625 282.170013427734 253.059997558594 214.130004882812 
    209.960006713867 204.300003051758 219.169998168945 192.990005493164 
    171.360000610352 160.289993286133 167.289993286133 164.679992675781 
    169.539993286133 177.820007324219 180.919998168945 231.660003662109 
    194.199996948242 177.619995117188 149.550003051758 212.960006713867 
    275.339996337891 295.880004882812 231.529998779297 202.919998168945 
    225.470001220703 238.270004272461 212.899993896484 194.639999389648 
    211.429992675781 196.929992675781 186.619995117188 179.009994506836 
    178.770004272461 178.720001220703 178.679992675781 178.639999389648 
    178.600006103516 178.559997558594 178.520004272461 178.479995727539 
    178.429992675781 178.389999389648 178.350006103516 178.309997558594 
    178.270004272461 178.229995727539 178.190002441406 178.149993896484 
    178.100006103516 178.059997558594 178.020004272461 177.979995727539 
    177.940002441406 177.899993896484 177.860000610352 177.809997558594 
    177.770004272461 177.729995727539 177.690002441406 177.649993896484 
    177.610000610352 177.570007324219 177.529998779297 177.479995727539 
    177.440002441406 177.399993896484 177.360000610352 177.320007324219 
    177.279998779297 177.240005493164 177.199996948242 177.149993896484 
    177.110000610352 177.070007324219 177.029998779297 176.990005493164 
    176.949996948242 176.910003662109 176.860000610352 176.820007324219 
    176.779998779297 176.740005493164 176.699996948242 176.660003662109 
    176.619995117188 176.580001831055 176.529998779297 176.490005493164 
    176.449996948242 176.410003662109 176.369995117188 176.330001831055 
    176.289993286133 176.240005493164 176.199996948242 176.160003662109 
    176.119995117188 176.080001831055 176.039993286133 176 
    175.960006713867 175.910003662109 175.869995117188 175.830001831055 
    175.789993286133 175.75 175.710006713867 175.669998168945 
    175.630004882812 175.580001831055 175.539993286133 175.5 
    175.460006713867 175.419998168945 175.380004882812 175.339996337891 
    175.289993286133 175.25 175.210006713867 175.169998168945 
    175.130004882812 175.089996337891 175.050003051758 175.009994506836 
    174.960006713867 174.919998168945 174.880004882812 174.839996337891 
    174.800003051758 174.759994506836 174.720001220703 174.669998168945 
    174.630004882812 174.589996337891 174.550003051758 174.509994506836 
    174.470001220703 174.429992675781 174.389999389648 174.339996337891 
    174.300003051758 174.259994506836 174.220001220703 174.179992675781 
    174.139999389648 174.100006103516 174.059997558594 174.009994506836 
    173.970001220703 173.929992675781 173.889999389648 173.850006103516 
    173.809997558594 173.770004272461 173.720001220703 173.679992675781 
    173.639999389648 173.600006103516 173.559997558594 173.520004272461 
    173.479995727539 173.440002441406 173.389999389648 173.350006103516 
    173.309997558594 173.270004272461 173.229995727539 173.190002441406 
    173.149993896484 173.100006103516 173.059997558594 173.020004272461 
    172.979995727539 172.940002441406 172.899993896484 172.860000610352 
    172.820007324219 172.770004272461 197.910003662109 239.529998779297 
    233.389999389648 176.020004272461 168.179992675781 170.529998779297 
    175.25 225.919998168945 241.369995117188 251.850006103516 
    261.309997558594 258.179992675781 249.990005493164 246.419998168945 
    254.369995117188 241.910003662109 187.179992675781 178.660003662109 
    177.240005493164 184.289993286133 249.279998779297 249.520004272461 
    245.380004882812 240.419998168945 234.149993896484 220.050003051758 
    225.910003662109 189.860000610352 196.429992675781 240.929992675781 
    245.839996337891 241.289993286133 241.009994506836 243.5 245.75 
    243.800003051758 239.830001831055 239.789993286133 236.229995727539 
    236.089996337891 243.639999389648 246.580001831055 241.970001220703 
    243.089996337891 230.119995117188 228.910003662109 209.059997558594 
    231.190002441406 174.630004882812 216.729995727539 230.580001831055 
    170.589996337891 187.289993286133 242.630004882812 251.589996337891 
    250.5 254.949996948242 246.589996337891 185.339996337891 
    169.419998168945 172.130004882812 216.770004272461 247.220001220703 
    246.929992675781 241.75 227.770004272461 232.960006713867 
    227.009994506836 232.800003051758 208.160003662109 239.669998168945 
    242.839996337891 202.759994506836 199.600006103516 250.75 
    197.070007324219 184.229995727539 222.669998168945 243.479995727539 
    248.240005493164 251.649993896484 249.369995117188 249.130004882812 
    252.369995117188 258.010009765625 256.489990234375 265.809997558594 
    275.390014648438 283.309997558594 295.980010986328 304.640014648438 
    305.299987792969 287.540008544922 265.589996337891 247.830001831055 
    244.759994506836 249.520004272461 257 259.839996337891 
    257.799987792969 275.070007324219 258.640014648438 288.869995117188 
    277.959991455078 300.630004882812 285.200012207031 284.010009765625 
    267.130004882812 250.820007324219 258.220001220703 259.839996337891 
    263.959991455078 266.489990234375 269.720001220703 268.160003662109 
    251.130004882812 216.169998168945 187.229995727539 175.410003662109 
    180.740005493164 186.809997558594 187.289993286133 189.679992675781 
    206.839996337891 226.350006103516 232.039993286133 278.5 
    277.640014648438 278.880004882812 279.459991455078 276.859985351562 
    279.429992675781 284.790008544922 284.75 280.5 234.860000610352 
    283.690002441406 277.589996337891 266.709991455078 272.149993896484 
    283.25 290.010009765625 292.369995117188 295.619995117188 
    296.100006103516 281.200012207031 296.079986572266 292.140014648438 
    295.959991455078 291.720001220703 279.029998779297 284.519989013672 
    286.890014648438 274.140014648438 277.609985351562 287.989990234375 
    291.470001220703 300.75 298.480010986328 298.910003662109 302.25 
    303.420013427734 309.019989013672 309.5 306.809997558594 
    301.140014648438 307.940002441406 303.369995117188 296.399993896484 
    296.959991455078 297.200012207031 305.559997558594 306.790008544922 
    305.869995117188 304.940002441406 304.019989013672 303.100006103516 
    302.170013427734 301.25 300.329986572266 299.399993896484 
    299.399993896484 304.309997558594 300.839996337891 302.239990234375 
    295.779998779297 299.649993896484 302.739990234375 305.339996337891 
    303.940002441406 298.119995117188 292.839996337891 307.769989013672 
    302.040008544922 288.260009765625 294.260009765625 291.059997558594 
    302.049987792969 308.989990234375 307.730010986328 306.940002441406 
    307.470001220703 308.660003662109 310 305.510009765625 
    296.730010986328 307.410003662109 303.179992675781 248.529998779297 
    244.869995117188 237.809997558594 242.399993896484 262.359985351562 
    305.839996337891 307.980010986328 310.440002441406 308.899993896484 
    307.459991455078 309.970001220703 311.619995117188 306.660003662109 
    310.899993896484 306.940002441406 303.980010986328 304.410003662109 
    307.209991455078 304.529998779297 305.5 305.5 305.5 305.5 305.5 
    305.5 305.5 305.5 305.5 305.5 305.5 305.5 305.5 305.5 305.5 
    305.5 305.5 305.5 305.5 305.5 305.5 305.5 305.5 305.5 305.5 
    305.5 305.5 305.5 305.5 305.5 305.5 305.5 305.5 305.5 305.5 
    305.5 305.5 305.5 305.5 305.5 305.5 305.5 305.5 305.5 305.5 
    305.5 305.5 305.5 305.5 305.5 305.5 305.5 305.5 305.5 305.5 
    305.5 305.5 305.5 305.5 305.5 305.5 305.5 305.5 305.5 305.5 
    305.5 305.5 305.5 305.5 305.5 305.5 305.5 305.5 305.5 305.5 
    305.5 305.5 305.5 305.5 305.5 305.5 305.5 305.5 305.5 305.5 
    305.5 305.5 305.5 305.5 305.5 305.5 305.5 305.5 305.5 305.5 
    305.5 305.5 305.5 305.5 305.5 305.5 305.5 305.5 305.5 305.5 
    305.5 305.5 305.5 305.5 305.5 305.5 305.5 305.5 305.5 305.5 
    305.5 305.5 305.5 305.5 305.5 305.5 305.5 305.5 305.5 305.5 
    305.5 305.5 305.5 305.5 305.5 305.5 305.5 305.5 305.5 305.5 
    305.5 305.5 305.5 305.5 305.5 305.5 305.5 305.5 305.5 305.5 
    305.5 305.5 305.5 305.5 305.5 305.5 305.5 305.5 305.5 305.5 
    305.5 305.5 305.5 305.5 305.5 305.5 305.5 305.5 305.5 305.5 
    305.5 305.5 305.5 305.5 305.5 305.5 305.5 305.5 305.5 305.5 
    305.5 305.5 305.5 305.5 305.5 305.5 305.5 305.5 305.5 305.5 
    305.5 305.5 305.5 305.5 305.5 305.5 305.5 305.5 305.5 305.5 
    305.5 305.5 305.5 305.5 305.5 305.5 305.5 305.5 305.5 305.5 
    305.5 305.5 305.5 305.5 305.5 305.5 305.5 305.5 305.5 305.5 
    305.5 305.5 305.5 305.5 305.5 305.5 305.5 305.5 305.5 305.5 
    305.5 305.5 305.5 305.5 305.5 305.5 305.5 305.5 305.5 305.5 
    305.5 305.5 305.5 305.5 305.5 305.5 305.5 305.5 305.5 305.5 
    305.5 305.5 305.5 305.5 305.5 305.5 305.5 305.5 305.5 305.5 
    305.5 305.5 305.5 305.5 305.5 305.5 305.5 305.5 305.5 305.5 
    305.5 305.5 305.5 305.5 305.5 305.5 305.5 305.5 305.5 305.5 
    305.5 305.5 305.5 305.5 305.5 305.5 305.5 305.5 305.5 305.5 
    305.5 305.5 305.5 305.5 305.5 305.5 305.5 305.5 305.5 305.5 
    305.5 305.5 305.5 305.5 305.5 305.5 305.5 305.5 305.5 305.5 
    305.5 305.5 305.5 305.5 305.5 305.5 305.5 305.5 305.5 305.5 
    305.5 305.5 305.5 305.5 305.5 305.5 305.5 305.5 305.5 305.5 
    305.5 305.5 305.5 305.5 305.5 305.5 305.5 305.5 305.5 305.5 
    305.5 305.5 305.5 305.5 305.5 305.5 305.5 305.5 305.5 305.5 
    305.5 305.5 305.5 305.5 305.5 305.5 305.5 305.5 305.5 305.5 
    305.5 305.5 305.5 305.5 305.5 305.5 305.5 305.5 305.5 305.5 
    305.5 305.5 305.5 305.5 305.5 305.5 305.5 305.5 305.5 305.5 
    305.5 305.5 305.5 305.5 305.5 305.5 305.5 305.5 305.5 305.5 
    305.5 305.5 305.5 305.5 305.5 305.5 305.5 305.5 305.5 305.5 
    305.5 305.5 305.5 305.5 305.5 305.5 305.5 305.5 305.5 305.5 
    305.5 305.5 305.5 305.5 305.5 305.5 305.5 305.5 305.5 305.5 
    305.5 305.5 305.5 305.5 305.5 305.5 305.5 305.5 305.5 305.5 
    305.5 305.5 305.5 305.5 305.5 305.5 305.5 305.5 305.5 305.5 
    305.5 305.5 305.5 305.5 305.5 305.5 305.5 305.5 305.5 305.5 
    305.5 305.5 305.5 305.5 305.5 305.5 305.5 305.5 305.5 305.5 
    305.5 305.5 305.5 305.5 305.5 305.5 305.5 305.5 305.5 305.5 
    305.5 305.5 305.5 305.5 305.5 305.5 305.5 305.5 305.5 305.5 
    305.5 305.5 305.5 305.5 305.5 305.5 305.5 305.5 305.5 305.5 
    305.5 305.5 305.5 305.5 305.5 305.5 305.5 305.5 305.5 305.5 
    305.5 305.5 305.5 305.5 305.5 305.5 305.5 305.5 305.5 305.5 
    305.5 305.5 305.5 305.5 305.5 305.5 305.5 305.5 305.5 305.5 
    305.5 305.5 305.5 305.5 305.5 305.5 305.5 305.5 305.5 305.5 
    305.5 305.5 305.5 305.5 305.5 305.5 305.5 305.5 305.5 305.5 
    305.5 305.5 305.5 305.5 305.5 305.5 305.5 305.5 305.5 305.5 
    305.5 305.5 305.5 305.5 305.5 305.5 305.5 305.5 305.5 305.5 
    305.5 305.5 305.5 305.5 305.5 305.5 305.5 305.5 305.5 305.5 
    305.5 305.5 305.5 305.5 305.5 305.5 305.5 305.5 305.5 305.5 
    305.5 305.5 305.5 305.5 305.5 305.5 305.5 305.5 305.5 305.5 
    305.5 305.5 305.5 305.5 305.5 305.5 305.5 305.5 305.5 305.5 
    305.5 305.5 305.5 305.5 305.5 305.5 305.5 305.5 305.5 305.5 
    305.5 305.5 305.5 305.5 305.5 305.5 305.5 305.5 305.5 305.5 
    305.5 305.5 305.5 305.5 305.5 305.5 305.5 305.5 305.5 305.5 
    305.5 305.5 305.5 305.5 305.5 305.5 305.5 305.5 305.5 305.5 
    305.5 305.5 305.5 305.5 305.5 305.5 305.5 305.5 305.5 305.5 
    305.5 305.5 305.5 305.5 305.5 305.5 305.5 305.5 305.5 305.5 
    305.5 305.5 305.5 305.5 305.5 305.5 305.5 305.5 305.5 305.5 
    305.5 305.5 305.5 305.5 305.5 305.5 305.5 305.5 305.5 305.5 
    305.5 305.5 305.5 305.5 305.5 305.5 305.5 305.5 305.5 305.5 
    305.5 305.5 305.5 305.5 305.5 305.5 305.5 305.5 305.5 305.5 
    305.5 305.5 305.5 305.5 305.5 305.5 305.5 305.5 305.5 305.5 
    305.5 305.5 305.5 305.5 305.5 305.5 305.5 305.5 305.5 305.5 
    305.5 305.5 305.5 305.5 305.5 305.5 305.5 305.5 305.5 305.5 
    305.5 305.5 305.5 305.5 305.5 305.5 305.5 305.5 305.5 305.5 
    305.5 305.5 305.5 305.5 305.5 305.5 305.5 305.5 305.5 305.5 
    305.5 305.5 305.5 305.5 305.5 305.5 305.5 305.5 305.5 305.5 
    305.5 305.5 305.5 305.5 305.5 305.5 305.5 305.5 305.5 305.5 
    305.5 305.5 305.5 305.5 305.5 305.5 305.5 305.5 305.5 305.5 
    305.5 305.5 305.5 305.5 305.5 305.5 305.5 305.5 305.5 ;
4.14300012588501 4.14300012588501 4.14300012588501 
    4.14300012588501 4.14300012588501 4.14300012588501 4.14300012588501 
    4.14300012588501 4.14300012588501 4.14300012588501 4.14300012588501 
    4.14300012588501 4.14300012588501 4.14300012588501 4.14300012588501 
    4.14300012588501 4.14300012588501 4.14300012588501 4.14300012588501 
    4.14300012588501 4.71150016784668 7.06010007858276 6.73579978942871 
    6.55870008468628 6.38159990310669 6.20450019836426 6.02740001678467 
    5.85029983520508 5.67320013046265 5.49609994888306 5.31899976730347 
    5.34299993515015 3.92770004272461 7.84429979324341 13.9919996261597 
    13.0979995727539 14.8070001602173 13.2379999160767 9.82190036773682 
    6.94250011444092 6.05530023574829 5.14979982376099 4.88350009918213 
    6.72489976882935 6.9064998626709 9.91230010986328 10.0740003585815 
    7.38049983978271 9.13570022583008 8.77089977264404 8.40610027313232 
    8.04129981994629 7.67649984359741 7.31169986724854 6.94689989089966 
    6.58209991455078 6.2172999382019 5.85249996185303 5.48769998550415 
    5.71080017089844 8.38619995117188 13.3780002593994 3.40380001068115 
    2.61199998855591 4.66660022735596 7.5132999420166 9.00920009613037 
    6.17309999465942 6.1399998664856 6.77190017700195 3.61570000648499 
    2.64989995956421 4.4394998550415 12.3400001525879 12.1700000762939 
    12.0279998779297 11.8859996795654 11.7440004348755 11.6009998321533 
    11.4589996337891 11.3170003890991 11.1750001907349 11.0319995880127 
    10.8900003433228 10.7480001449585 10.6059999465942 10.4630002975464 
    10.3210000991821 10.1789999008179 10.0369997024536 9.89430046081543 
    9.75209999084473 9.60980033874512 9.46759986877441 9.3253002166748 
    9.1830997467041 9.04080009460449 8.89859962463379 8.7564001083374 
    8.61410045623779 8.47189998626709 8.32960033416748 8.18739986419678 
    8.04510021209717 7.90290021896362 7.76060009002686 7.61840009689331 
    7.47620010375977 7.333899974823 7.19169998168945 7.04939985275269 
    6.90719985961914 6.76490020751953 5.95919990539551 7.89569997787476 
    9.777099609375 8.68879985809326 5.98540019989014 4.94799995422363 
    2.60439991950989 3.0288999080658 2.53480005264282 2.66499996185303 
    3.90019989013672 4.45709991455078 3.86520004272461 8.33679962158203 
    5.73339986801147 6.65469980239868 8.32600021362305 5.97119998931885 
    5.32480001449585 5.83309984207153 4.43160009384155 4.10190010070801 
    7.61950016021729 4.11310005187988 3.47329998016357 6.0588002204895 
    6.11019992828369 7.83029985427856 11.6949996948242 4.17390012741089 
    1.57210004329681 4.03109979629517 4.13850021362305 3.8591001033783 
    4.61660003662109 7.18989992141724 6.45260000228882 3.94810009002686 
    5.94280004501343 7.88290023803711 9.63949966430664 10.706000328064 
    10.0860004425049 6.26510000228882 2.61779999732971 5.43340015411377 
    4.22300004959106 6.97770023345947 11.5790004730225 14.1120004653931 
    10.8249998092651 6.54899978637695 6.47189998626709 3.88560009002686 
    2.66179990768433 2.83039999008179 0.949880003929138 0.800000011920929 
    0.800000011920929 0.800000011920929 0.800000011920929 
    0.800000011920929 0.800000011920929 0.800000011920929 
    0.800000011920929 0.800000011920929 0.800000011920929 
    0.800000011920929 0.800000011920929 0.800000011920929 
    0.800000011920929 0.800000011920929 0.800000011920929 
    0.800000011920929 0.800000011920929 0.800000011920929 
    0.800000011920929 0.800000011920929 0.800000011920929 
    0.800000011920929 0.800000011920929 0.800000011920929 
    0.800000011920929 0.800000011920929 0.800000011920929 
    0.800000011920929 0.800000011920929 0.800000011920929 
    0.800000011920929 0.800000011920929 0.800000011920929 
    0.800000011920929 0.800000011920929 0.800000011920929 
    0.800000011920929 0.800000011920929 0.800000011920929 
    0.800000011920929 0.800000011920929 0.800000011920929 
    0.800000011920929 0.800000011920929 0.800000011920929 
    0.800000011920929 0.800000011920929 0.800000011920929 
    0.800000011920929 0.800000011920929 0.800000011920929 
    0.800000011920929 0.800000011920929 0.800000011920929 
    0.800000011920929 0.800000011920929 0.800000011920929 
    0.800000011920929 0.800000011920929 0.800000011920929 
    0.800000011920929 0.800000011920929 0.800000011920929 
    0.800000011920929 0.800000011920929 0.800000011920929 
    0.800000011920929 0.800000011920929 0.800000011920929 
    0.800000011920929 0.800000011920929 0.800000011920929 
    0.800000011920929 0.800000011920929 0.800000011920929 
    0.800000011920929 0.800000011920929 0.800000011920929 
    0.800000011920929 0.800000011920929 0.800000011920929 
    0.800000011920929 0.800000011920929 0.800000011920929 
    0.800000011920929 0.800000011920929 0.800000011920929 
    0.800000011920929 0.800000011920929 0.800000011920929 
    0.800000011920929 0.800000011920929 0.800000011920929 
    0.800000011920929 0.800000011920929 0.800000011920929 
    0.800000011920929 0.800000011920929 0.800000011920929 
    0.800000011920929 0.800000011920929 0.800000011920929 
    0.800000011920929 0.800000011920929 0.800000011920929 
    0.800000011920929 0.800000011920929 0.800000011920929 
    0.800000011920929 0.800000011920929 0.800000011920929 
    0.800000011920929 0.800000011920929 0.800000011920929 
    0.800000011920929 0.800000011920929 0.800000011920929 
    0.800000011920929 0.800000011920929 0.800000011920929 
    0.800000011920929 0.800000011920929 0.800000011920929 
    0.800000011920929 0.800000011920929 0.800000011920929 
    0.800000011920929 0.800000011920929 0.800000011920929 
    0.800000011920929 0.800000011920929 0.800000011920929 
    0.800000011920929 0.800000011920929 0.800000011920929 
    0.800000011920929 0.800000011920929 0.800000011920929 
    0.800000011920929 0.800000011920929 0.800000011920929 
    0.800000011920929 0.800000011920929 0.800000011920929 
    0.800000011920929 0.800000011920929 0.800000011920929 
    0.800000011920929 0.800000011920929 0.800000011920929 
    0.800000011920929 0.800000011920929 0.800000011920929 
    0.800000011920929 0.800000011920929 0.800000011920929 
    0.800000011920929 0.800000011920929 0.800000011920929 
    0.800000011920929 0.800000011920929 0.800000011920929 
    0.800000011920929 0.800000011920929 0.800000011920929 
    0.800000011920929 0.800000011920929 0.800000011920929 
    0.800000011920929 0.800000011920929 0.800000011920929 
    0.800000011920929 0.800000011920929 0.800000011920929 
    0.800000011920929 0.800000011920929 0.800000011920929 
    0.800000011920929 0.800000011920929 0.800000011920929 
    0.800000011920929 0.800000011920929 0.800000011920929 
    0.800000011920929 0.800000011920929 0.800000011920929 
    0.800000011920929 0.800000011920929 0.800000011920929 
    0.800000011920929 0.800000011920929 0.800000011920929 
    0.800000011920929 0.800000011920929 0.800000011920929 ;
0 0 0 0 0 0 0 0 0 0 0 0 0 0 0 0 0 0 0 0 0 0 0 
    0 0 0 0 0 0 0 0 0 0 0 0 0 0 0 0 0 0 0 0 0 0 0 0 
    0 0 0 0 0 0 0 0 0 0 0 0 0 0 0 0 0 0 0 0 0 0 0 0 
    0 0 0 0 0 0 0 0 0 0 0 0 0 0 0 0 0 0 0 0 0 0 0 0 
    0 0 0 0 0 0 0 0 0 0 0 0 0 0 0 0 0 0 0 0 0 0 0 0 
    0 0 0 0 0 0 0 0 0 0 0 0 0 0 0 0 0 0 0 0 0 0 0 0 
    0 0 0 0 0 0 0 0 0 0 0 0 0 0 0 0 0 0 0 0 0 0 0 0 
    0 0 0 0 0 0 0 0 0 0 0 0 0 0 0 0 0 0 0 0 0 0 0 0 
    0 0 0 0 0 0 0 0 0 0 0 0 0 0 0 0 0 0 0 0 0 0 0 0 
    0 0 0 0 0 0 0 0 0 0 0 0 0 0 0 0 0 0 0 0 0 0 0 0 
    0 0 0 0 0 0 0 0 0 0 0 0 0 0 0 0 0 0 0 0 0 0 0 0 
    0 0 0 0 0 0 0 0 0 0 0 0 0 0 0 0 0 0 0 0 0 0 0 0 
    0 0 0 0 0 0 0 0 0 0 0 0 0 0 0 0 0 0 0 0 0 0 0 0 
    0 0 0 0 0 0 0 0 0 0 0 0 0 0 0 0 0 0 0 0 0 0 0 0 
    0 0 0 0 0 0 0 0 0 0 0 0 0 0 0 0 0 0 0 0 0 0 0 0 
    0 0 0 0 0 0 0 ;
2.88999990516459e-06 2.88999990516459e-06 2.88999990516459e-06 
    2.88999990516459e-06 2.88999990516459e-06 2.88999990516459e-06 
    2.88999990516459e-06 2.88999990516459e-06 2.88999990516459e-06 
    2.88999990516459e-06 2.88999990516459e-06 2.88999990516459e-06 
    2.88999990516459e-06 2.88999990516459e-06 2.88999990516459e-06 
    2.88999990516459e-06 2.88999990516459e-06 2.88999990516459e-06 
    2.88999990516459e-06 2.88999990516459e-06 2.88999990516459e-06 
    2.88999990516459e-06 2.88999990516459e-06 2.88999990516459e-06 
    2.88999990516459e-06 2.88999990516459e-06 2.88999990516459e-06 
    2.88999990516459e-06 2.88999990516459e-06 2.88999990516459e-06 
    2.88999990516459e-06 2.88999990516459e-06 2.88999990516459e-06 
    1.41829996209708e-05 7.19160016160458e-05 4.24489990109578e-05 
    5.21959991601761e-05 5.31180012330879e-05 4.26670012529939e-05 
    4.2599999687809e-06 0 0 2.06999999363688e-07 8.52000027862232e-07 
    8.80000001757253e-08 9.37000004341826e-06 5.8378998801345e-05 
    9.25839995034039e-05 8.89799994183704e-05 8.15270032035187e-05 
    7.40749965189025e-05 6.66220003040507e-05 5.91690004512202e-05 
    5.17160005983897e-05 4.42640011897311e-05 3.68110013369005e-05 
    2.93579996650806e-05 2.190499981225e-05 1.44530004035914e-05 
    7.00000009601354e-06 3.18999991577584e-06 1.66840000019874e-05 
    2.97269998554839e-05 4.77999992654077e-06 4.35999982073554e-06 
    8.82000040292041e-06 3.20999993164151e-06 1.0961999578285e-05 
    8.34999991639052e-06 4.64000004285481e-06 2.36000005315873e-06 
    9.76000023911183e-07 4.21999993704958e-06 4.51999994766084e-06 
    4.4200000957062e-06 4.31999978900421e-06 4.21999993704958e-06 
    4.11000019084895e-06 4.00999988414696e-06 3.91000003219233e-06 
    3.80999995286402e-06 3.71000010090938e-06 3.61000002158107e-06 
    3.50999994225276e-06 3.41000009029813e-06 3.31000001096982e-06 
    3.20999993164151e-06 3.11000007968687e-06 3.01000000035856e-06 
    2.90000002678426e-06 2.79999994745594e-06 2.70000009550131e-06 
    2.600000016173e-06 2.49999993684469e-06 2.40000008489005e-06 
    2.30000000556174e-06 2.19999992623343e-06 2.1000000742788e-06 
    1.99999999495049e-06 1.90000002930901e-06 1.79000005573471e-06 
    1.6899999764064e-06 1.59000001076492e-06 1.49000004512345e-06 
    1.38999996579514e-06 1.29000000015367e-06 1.1900000345122e-06 
    1.08999995518388e-06 9.88000010693213e-07 8.86999998783722e-07 
    7.85999986874231e-07 6.8499997496474e-07 5.84000019898667e-07 
    4.83999997413775e-07 3.83000013925994e-07 2.82000002016503e-07 
    1.81000004317866e-07 7.99999995138023e-08 4.339999915004e-09 0 0 0 
    0 0 0 0 0 0 0 0 0 0 0 5.5900000006659e-07 
    4.68999996883213e-06 9.20000002224697e-06 5.94000027831498e-07 
    4.27999992780315e-07 2.94999995276157e-06 4.98999997944338e-06 
    2.90000002678426e-07 0 0 0 0 0 0 0 0 0 0 0 0 0 
    2.2199999705208e-07 1.0500000371394e-06 1.1600000107137e-06 
    1.1600000107137e-06 1.1600000107137e-06 1.1600000107137e-06 
    1.1600000107137e-06 1.1600000107137e-06 1.1600000107137e-06 
    1.1600000107137e-06 1.1600000107137e-06 1.1600000107137e-06 
    1.1600000107137e-06 1.1600000107137e-06 1.1600000107137e-06 
    1.1600000107137e-06 1.1600000107137e-06 1.1600000107137e-06 
    1.1600000107137e-06 1.1600000107137e-06 1.1600000107137e-06 
    1.1600000107137e-06 1.1600000107137e-06 1.1600000107137e-06 
    1.1600000107137e-06 1.1600000107137e-06 1.1600000107137e-06 
    1.1600000107137e-06 1.1600000107137e-06 1.1600000107137e-06 
    1.1600000107137e-06 1.1600000107137e-06 1.1600000107137e-06 
    1.1600000107137e-06 1.1600000107137e-06 1.1600000107137e-06 
    1.1600000107137e-06 1.1600000107137e-06 1.1600000107137e-06 
    1.1600000107137e-06 1.1600000107137e-06 1.1600000107137e-06 
    1.1600000107137e-06 1.1600000107137e-06 1.1600000107137e-06 
    1.1600000107137e-06 1.1600000107137e-06 1.1600000107137e-06 
    1.1600000107137e-06 1.1600000107137e-06 1.1600000107137e-06 
    1.1600000107137e-06 1.1600000107137e-06 1.1600000107137e-06 
    1.1600000107137e-06 1.1600000107137e-06 1.1600000107137e-06 
    1.1600000107137e-06 1.1600000107137e-06 1.1600000107137e-06 
    1.1600000107137e-06 1.1600000107137e-06 1.1600000107137e-06 
    1.1600000107137e-06 1.1600000107137e-06 1.1600000107137e-06 
    1.1600000107137e-06 1.1600000107137e-06 1.1600000107137e-06 
    1.1600000107137e-06 1.1600000107137e-06 1.1600000107137e-06 
    1.1600000107137e-06 1.1600000107137e-06 1.1600000107137e-06 
    1.1600000107137e-06 1.1600000107137e-06 1.1600000107137e-06 
    1.1600000107137e-06 1.1600000107137e-06 1.1600000107137e-06 
    1.1600000107137e-06 1.1600000107137e-06 1.1600000107137e-06 
    1.1600000107137e-06 1.1600000107137e-06 1.1600000107137e-06 
    1.1600000107137e-06 1.1600000107137e-06 1.1600000107137e-06 
    1.1600000107137e-06 1.1600000107137e-06 1.1600000107137e-06 
    1.1600000107137e-06 1.1600000107137e-06 1.1600000107137e-06 
    1.1600000107137e-06 1.1600000107137e-06 1.1600000107137e-06 
    1.1600000107137e-06 1.1600000107137e-06 1.1600000107137e-06 
    1.1600000107137e-06 1.1600000107137e-06 1.1600000107137e-06 
    1.1600000107137e-06 1.1600000107137e-06 1.1600000107137e-06 
    1.1600000107137e-06 1.1600000107137e-06 1.1600000107137e-06 
    1.1600000107137e-06 1.1600000107137e-06 1.1600000107137e-06 
    1.1600000107137e-06 1.1600000107137e-06 1.1600000107137e-06 
    1.1600000107137e-06 1.1600000107137e-06 1.1600000107137e-06 
    1.1600000107137e-06 1.1600000107137e-06 1.1600000107137e-06 
    1.1600000107137e-06 1.1600000107137e-06 1.1600000107137e-06 
    1.1600000107137e-06 1.1600000107137e-06 1.1600000107137e-06 
    1.1600000107137e-06 1.1600000107137e-06 1.1600000107137e-06 
    1.1600000107137e-06 1.1600000107137e-06 1.1600000107137e-06 
    1.1600000107137e-06 1.1600000107137e-06 1.1600000107137e-06 
    1.1600000107137e-06 1.1600000107137e-06 1.1600000107137e-06 
    1.1600000107137e-06 1.1600000107137e-06 1.1600000107137e-06 
    1.1600000107137e-06 1.1600000107137e-06 1.1600000107137e-06 
    1.1600000107137e-06 1.1600000107137e-06 1.1600000107137e-06 
    1.1600000107137e-06 1.1600000107137e-06 1.1600000107137e-06 
    1.1600000107137e-06 1.1600000107137e-06 1.1600000107137e-06 
    1.1600000107137e-06 1.1600000107137e-06 1.1600000107137e-06 
    1.1600000107137e-06 1.1600000107137e-06 1.1600000107137e-06 
    1.1600000107137e-06 1.1600000107137e-06 1.1600000107137e-06 
    1.1600000107137e-06 1.1600000107137e-06 1.1600000107137e-06 
    1.1600000107137e-06 1.1600000107137e-06 1.1600000107137e-06 
    1.1600000107137e-06 1.1600000107137e-06 1.1600000107137e-06 
    1.1600000107137e-06 1.1600000107137e-06 1.1600000107137e-06 
    1.1600000107137e-06 1.1600000107137e-06 1.1600000107137e-06 
    1.1600000107137e-06 1.1600000107137e-06 1.1600000107137e-06 
    1.1600000107137e-06 1.1600000107137e-06 1.1600000107137e-06 
    1.1600000107137e-06 1.1600000107137e-06 1.1600000107137e-06 
    1.1600000107137e-06 1.1600000107137e-06 1.1600000107137e-06 
    1.1600000107137e-06 1.1600000107137e-06 1.1600000107137e-06 
    1.1600000107137e-06 1.1600000107137e-06 1.1600000107137e-06 
    1.1600000107137e-06 1.1600000107137e-06 1.1600000107137e-06 
    1.1600000107137e-06 1.1600000107137e-06 1.1600000107137e-06 
    1.1600000107137e-06 1.1600000107137e-06 1.1600000107137e-06 
    1.1600000107137e-06 1.1600000107137e-06 1.1600000107137e-06 
    1.1600000107137e-06 1.1600000107137e-06 ;
1 2 3 4 5 6 7 8 9 10 11 12 13 14 15 16 17 18 19 20 
    21 22 23 24 25 26 27 28 29 30 31 32 33 34 35 36 37 38 
    39 40 41 42 43 44 45 46 47 48 49 50 51 52 53 54 55 56 
    57 58 59 60 61 62 63 64 65 66 67 68 69 70 71 72 73 74 
    75 76 77 78 79 80 81 82 83 84 85 86 87 88 89 90 91 92 
    93 94 95 96 97 98 99 100 101 102 103 104 105 106 107 108 
    109 110 111 112 113 114 115 116 117 118 119 120 121 122 
    123 124 125 126 127 128 129 130 131 132 133 134 135 136 
    137 138 139 140 141 142 143 144 145 146 147 148 149 150 
    151 152 153 154 155 156 157 158 159 160 161 162 163 164 
    165 166 167 168 169 170 171 172 173 174 175 176 177 178 
    179 180 181 182 183 184 185 186 187 188 189 190 191 192 
    193 194 195 196 197 198 199 200 201 202 203 204 205 206 
    207 208 209 210 211 212 213 214 215 216 217 218 219 220 
    221 222 223 224 225 226 227 228 229 230 231 232 233 234 
    235 236 237 238 239 240 241 242 243 244 245 246 247 248 
    249 250 251 252 253 254 255 256 257 258 259 260 261 262 
    263 264 265 266 267 268 269 270 271 272 273 274 275 276 
    277 278 279 280 281 282 283 284 285 286 287 288 289 290 
    291 292 293 294 295 296 297 298 299 300 301 302 303 304 
    305 306 307 308 309 310 311 312 313 314 315 316 317 318 
    319 320 321 322 323 324 325 326 327 328 329 330 331 332 
    333 334 335 336 337 338 339 340 341 342 343 344 345 346 
    347 348 349 350 351 352 353 354 355 356 357 358 359 360 
    361 362 363 364 365 366 ;
0.25 0.5 0.75 1 1.25 1.5 1.75 2 2.25 2.5 2.75 3 3.25 
    3.5 3.75 4 4.25 4.5 4.75 5 5.25 5.5 5.75 6 6.25 6.5 6.75 7 
    7.25 7.5 7.75 8 8.25 8.5 8.75 9 9.25 9.5 9.75 10 10.25 10.5 
    10.75 11 11.25 11.5 11.75 12 12.25 12.5 12.75 13 13.25 13.5 
    13.75 14 14.25 14.5 14.75 15 15.25 15.5 15.75 16 16.25 16.5 
    16.75 17 17.25 17.5 17.75 18 18.25 18.5 18.75 19 19.25 19.5 
    19.75 20 20.25 20.5 20.75 21 21.25 21.5 21.75 22 22.25 22.5 
    22.75 23 23.25 23.5 23.75 24 24.25 24.5 24.75 25 25.25 25.5 
    25.75 26 26.25 26.5 26.75 27 27.25 27.5 27.75 28 28.25 28.5 
    28.75 29 29.25 29.5 29.75 30 30.25 30.5 30.75 31 31.25 31.5 
    31.75 32 32.25 32.5 32.75 33 33.25 33.5 33.75 34 34.25 34.5 
    34.75 35 35.25 35.5 35.75 36 36.25 36.5 36.75 37 37.25 37.5 
    37.75 38 38.25 38.5 38.75 39 39.25 39.5 39.75 40 40.25 40.5 
    40.75 41 41.25 41.5 41.75 42 42.25 42.5 42.75 43 43.25 43.5 
    43.75 44 44.25 44.5 44.75 45 45.25 45.5 45.75 46 46.25 46.5 
    46.75 47 47.25 47.5 47.75 48 48.25 48.5 48.75 49 49.25 49.5 
    49.75 50 50.25 50.5 50.75 51 51.25 51.5 51.75 52 52.25 52.5 
    52.75 53 53.25 53.5 53.75 54 54.25 54.5 54.75 55 55.25 55.5 
    55.75 56 56.25 56.5 56.75 57 57.25 57.5 57.75 58 58.25 58.5 
    58.75 59 59.25 59.5 59.75 60 60.25 60.5 60.75 61 61.25 61.5 
    61.75 62 62.25 62.5 62.75 63 63.25 63.5 63.75 64 64.25 64.5 
    64.75 65 65.25 65.5 65.75 66 66.25 66.5 66.75 67 67.25 67.5 
    67.75 68 68.25 68.5 68.75 69 69.25 69.5 69.75 70 70.25 70.5 
    70.75 71 71.25 71.5 71.75 72 72.25 72.5 72.75 73 73.25 73.5 
    73.75 74 74.25 74.5 74.75 75 75.25 75.5 75.75 76 76.25 76.5 
    76.75 77 77.25 77.5 77.75 78 78.25 78.5 78.75 79 79.25 79.5 
    79.75 80 80.25 80.5 80.75 81 81.25 81.5 81.75 82 82.25 82.5 
    82.75 83 83.25 83.5 83.75 84 84.25 84.5 84.75 85 85.25 85.5 
    85.75 86 86.25 86.5 86.75 87 87.25 87.5 87.75 88 88.25 88.5 
    88.75 89 89.25 89.5 89.75 90 90.25 90.5 90.75 91 91.25 91.5 
    91.75 92 92.25 92.5 92.75 93 93.25 93.5 93.75 94 94.25 94.5 
    94.75 95 95.25 95.5 95.75 96 96.25 96.5 96.75 97 97.25 97.5 
    97.75 98 98.25 98.5 98.75 99 99.25 99.5 99.75 100 100.25 
    100.5 100.75 101 101.25 101.5 101.75 102 102.25 102.5 102.75 
    103 103.25 103.5 103.75 104 104.25 104.5 104.75 105 105.25 
    105.5 105.75 106 106.25 106.5 106.75 107 107.25 107.5 107.75 
    108 108.25 108.5 108.75 109 109.25 109.5 109.75 110 110.25 
    110.5 110.75 111 111.25 111.5 111.75 112 112.25 112.5 112.75 
    113 113.25 113.5 113.75 114 114.25 114.5 114.75 115 115.25 
    115.5 115.75 116 116.25 116.5 116.75 117 117.25 117.5 117.75 
    118 118.25 118.5 118.75 119 119.25 119.5 119.75 120 120.25 
    120.5 120.75 121 121.25 121.5 121.75 122 122.25 122.5 122.75 
    123 123.25 123.5 123.75 124 124.25 124.5 124.75 125 125.25 
    125.5 125.75 126 126.25 126.5 126.75 127 127.25 127.5 127.75 
    128 128.25 128.5 128.75 129 129.25 129.5 129.75 130 130.25 
    130.5 130.75 131 131.25 131.5 131.75 132 132.25 132.5 132.75 
    133 133.25 133.5 133.75 134 134.25 134.5 134.75 135 135.25 
    135.5 135.75 136 136.25 136.5 136.75 137 137.25 137.5 137.75 
    138 138.25 138.5 138.75 139 139.25 139.5 139.75 140 140.25 
    140.5 140.75 141 141.25 141.5 141.75 142 142.25 142.5 142.75 
    143 143.25 143.5 143.75 144 144.25 144.5 144.75 145 145.25 
    145.5 145.75 146 146.25 146.5 146.75 147 147.25 147.5 147.75 
    148 148.25 148.5 148.75 149 149.25 149.5 149.75 150 150.25 
    150.5 150.75 151 151.25 151.5 151.75 152 152.25 152.5 152.75 
    153 153.25 153.5 153.75 154 154.25 154.5 154.75 155 155.25 
    155.5 155.75 156 156.25 156.5 156.75 157 157.25 157.5 157.75 
    158 158.25 158.5 158.75 159 159.25 159.5 159.75 160 160.25 
    160.5 160.75 161 161.25 161.5 161.75 162 162.25 162.5 162.75 
    163 163.25 163.5 163.75 164 164.25 164.5 164.75 165 165.25 
    165.5 165.75 166 166.25 166.5 166.75 167 167.25 167.5 167.75 
    168 168.25 168.5 168.75 169 169.25 169.5 169.75 170 170.25 
    170.5 170.75 171 171.25 171.5 171.75 172 172.25 172.5 172.75 
    173 173.25 173.5 173.75 174 174.25 174.5 174.75 175 175.25 
    175.5 175.75 176 176.25 176.5 176.75 177 177.25 177.5 177.75 
    178 178.25 178.5 178.75 179 179.25 179.5 179.75 180 180.25 
    180.5 180.75 181 181.25 181.5 181.75 182 182.25 182.5 182.75 
    183 183.25 183.5 183.75 184 184.25 184.5 184.75 185 185.25 
    185.5 185.75 186 186.25 186.5 186.75 187 187.25 187.5 187.75 
    188 188.25 188.5 188.75 189 189.25 189.5 189.75 190 190.25 
    190.5 190.75 191 191.25 191.5 191.75 192 192.25 192.5 192.75 
    193 193.25 193.5 193.75 194 194.25 194.5 194.75 195 195.25 
    195.5 195.75 196 196.25 196.5 196.75 197 197.25 197.5 197.75 
    198 198.25 198.5 198.75 199 199.25 199.5 199.75 200 200.25 
    200.5 200.75 201 201.25 201.5 201.75 202 202.25 202.5 202.75 
    203 203.25 203.5 203.75 204 204.25 204.5 204.75 205 205.25 
    205.5 205.75 206 206.25 206.5 206.75 207 207.25 207.5 207.75 
    208 208.25 208.5 208.75 209 209.25 209.5 209.75 210 210.25 
    210.5 210.75 211 211.25 211.5 211.75 212 212.25 212.5 212.75 
    213 213.25 213.5 213.75 214 214.25 214.5 214.75 215 215.25 
    215.5 215.75 216 216.25 216.5 216.75 217 217.25 217.5 217.75 
    218 218.25 218.5 218.75 219 219.25 219.5 219.75 220 220.25 
    220.5 220.75 221 221.25 221.5 221.75 222 222.25 222.5 222.75 
    223 223.25 223.5 223.75 224 224.25 224.5 224.75 225 225.25 
    225.5 225.75 226 226.25 226.5 226.75 227 227.25 227.5 227.75 
    228 228.25 228.5 228.75 229 229.25 229.5 229.75 230 230.25 
    230.5 230.75 231 231.25 231.5 231.75 232 232.25 232.5 232.75 
    233 233.25 233.5 233.75 234 234.25 234.5 234.75 235 235.25 
    235.5 235.75 236 236.25 236.5 236.75 237 237.25 237.5 237.75 
    238 238.25 238.5 238.75 239 239.25 239.5 239.75 240 240.25 
    240.5 240.75 241 241.25 241.5 241.75 242 242.25 242.5 242.75 
    243 243.25 243.5 243.75 244 244.25 244.5 244.75 245 245.25 
    245.5 245.75 246 246.25 246.5 246.75 247 247.25 247.5 247.75 
    248 248.25 248.5 248.75 249 249.25 249.5 249.75 250 250.25 
    250.5 250.75 251 251.25 251.5 251.75 252 252.25 252.5 252.75 
    253 253.25 253.5 253.75 254 254.25 254.5 254.75 255 255.25 
    255.5 255.75 256 256.25 256.5 256.75 257 257.25 257.5 257.75 
    258 258.25 258.5 258.75 259 259.25 259.5 259.75 260 260.25 
    260.5 260.75 261 261.25 261.5 261.75 262 262.25 262.5 262.75 
    263 263.25 263.5 263.75 264 264.25 264.5 264.75 265 265.25 
    265.5 265.75 266 266.25 266.5 266.75 267 267.25 267.5 267.75 
    268 268.25 268.5 268.75 269 269.25 269.5 269.75 270 270.25 
    270.5 270.75 271 271.25 271.5 271.75 272 272.25 272.5 272.75 
    273 273.25 273.5 273.75 274 274.25 274.5 274.75 275 275.25 
    275.5 275.75 276 276.25 276.5 276.75 277 277.25 277.5 277.75 
    278 278.25 278.5 278.75 279 279.25 279.5 279.75 280 280.25 
    280.5 280.75 281 281.25 281.5 281.75 282 282.25 282.5 282.75 
    283 283.25 283.5 283.75 284 284.25 284.5 284.75 285 285.25 
    285.5 285.75 286 286.25 286.5 286.75 287 287.25 287.5 287.75 
    288 288.25 288.5 288.75 289 289.25 289.5 289.75 290 290.25 
    290.5 290.75 291 291.25 291.5 291.75 292 292.25 292.5 292.75 
    293 293.25 293.5 293.75 294 294.25 294.5 294.75 295 295.25 
    295.5 295.75 296 296.25 296.5 296.75 297 297.25 297.5 297.75 
    298 298.25 298.5 298.75 299 299.25 299.5 299.75 300 300.25 
    300.5 300.75 301 301.25 301.5 301.75 302 302.25 302.5 302.75 
    303 303.25 303.5 303.75 304 304.25 304.5 304.75 305 305.25 
    305.5 305.75 306 306.25 306.5 306.75 307 307.25 307.5 307.75 
    308 308.25 308.5 308.75 309 309.25 309.5 309.75 310 310.25 
    310.5 310.75 311 311.25 311.5 311.75 312 312.25 312.5 312.75 
    313 313.25 313.5 313.75 314 314.25 314.5 314.75 315 315.25 
    315.5 315.75 316 316.25 316.5 316.75 317 317.25 317.5 317.75 
    318 318.25 318.5 318.75 319 319.25 319.5 319.75 320 320.25 
    320.5 320.75 321 321.25 321.5 321.75 322 322.25 322.5 322.75 
    323 323.25 323.5 323.75 324 324.25 324.5 324.75 325 325.25 
    325.5 325.75 326 326.25 326.5 326.75 327 327.25 327.5 327.75 
    328 328.25 328.5 328.75 329 329.25 329.5 329.75 330 330.25 
    330.5 330.75 331 331.25 331.5 331.75 332 332.25 332.5 332.75 
    333 333.25 333.5 333.75 334 334.25 334.5 334.75 335 335.25 
    335.5 335.75 336 336.25 336.5 336.75 337 337.25 337.5 337.75 
    338 338.25 338.5 338.75 339 339.25 339.5 339.75 340 340.25 
    340.5 340.75 341 341.25 341.5 341.75 342 342.25 342.5 342.75 
    343 343.25 343.5 343.75 344 344.25 344.5 344.75 345 345.25 
    345.5 345.75 346 346.25 346.5 346.75 347 347.25 347.5 347.75 
    348 348.25 348.5 348.75 349 349.25 349.5 349.75 350 350.25 
    350.5 350.75 351 351.25 351.5 351.75 352 352.25 352.5 352.75 
    353 353.25 353.5 353.75 354 354.25 354.5 354.75 355 355.25 
    355.5 355.75 356 356.25 356.5 356.75 357 357.25 357.5 357.75 
    358 358.25 358.5 358.75 359 359.25 359.5 359.75 360 360.25 
    360.5 360.75 361 361.25 361.5 361.75 362 362.25 362.5 362.75 
    363 363.25 363.5 363.75 364 364.25 364.5 364.75 365 365.25 
    365.5 365.75 366 ;
