2.059 2.059 2.059 2.059 2.059 2.059 2.059 2.059 2.059 
    2.059 2.059 2.059 2.059 2.059 2.059 2.059 2.059 2.059 2.059 
    2.059 2.055375 2.05175 2.048125 2.0445 2.020875 1.99725 1.973625 
    1.95 1.9665 1.983 1.9995 1.98583333333333 1.97216666666667 1.9585 
    2.031 2.1035 2.176 2.2485 2.321 2.3935 2.466 2.796375 3.12675 
    3.457125 3.7875 3.547 3.3065 3.066 3.02861538461538 
    2.99123076923077 2.95384615384615 2.91646153846154 2.87907692307692 
    2.84169230769231 2.80430769230769 2.76692307692308 2.72953846153846 
    2.69215384615385 2.65476923076923 2.61738461538462 2.58 2.583 2.586 
    2.589 2.592 2.595 2.47766666666667 2.36033333333333 2.243 2.24425 
    2.2455 2.24675 2.248 2.2634 2.2788 2.2942 2.3096 2.325 2.3404 
    2.3558 2.3712 2.3866 2.402 2.4174 2.4328 2.4482 2.4636 2.479 
    2.4944 2.5098 2.5252 2.5406 2.556 2.5714 2.5868 2.6022 2.6176 
    2.633 2.6484 2.6638 2.6792 2.6946 2.71 2.7254 2.7408 2.7562 
    2.7716 2.787 2.8024 2.8178 2.8332 2.8486 2.864 2.8708 2.8776 
    2.8844 2.8912 2.898 2.956875 3.01575 3.074625 3.1335 3.14075 
    3.148 3.10833333333333 3.06866666666667 3.029 3.19 3.351 
    3.36966666666667 3.38833333333333 3.407 3.460375 3.51375 3.567125 
    3.6205 3.49233333333333 3.36416666666667 3.236 3.42375 3.6115 
    3.79925 3.987 4.01983333333333 4.05266666666667 4.0855 4.11025 
    4.135 4.15975 4.1845 4.18016666666667 4.17583333333333 4.1715 
    3.88041666666667 3.58933333333333 3.29825 3.00716666666667 
    2.71608333333333 2.425 2.796 2.97292857142857 3.14985714285714 
    3.32678571428571 3.50371428571429 3.68064285714286 3.85757142857143 
    4.0345 4.02525 4.016 4.016 4.016 4.016 4.016 4.016 4.016 4.016 
    4.016 4.016 4.016 4.016 4.016 4.016 4.016 4.016 4.016 4.016 
    4.016 4.016 4.016 4.016 4.016 4.016 4.016 4.016 4.016 4.016 
    4.016 4.016 4.016 4.016 4.016 4.016 4.016 4.016 4.016 4.016 
    4.016 4.016 4.016 4.016 4.016 4.016 4.016 4.016 4.016 4.016 
    4.016 4.016 4.016 4.016 4.016 4.016 4.016 4.016 4.016 4.016 
    4.016 4.016 4.016 4.016 4.016 4.016 4.016 4.016 4.016 4.016 
    4.016 4.016 4.016 4.016 4.016 4.016 4.016 4.016 4.016 4.016 
    4.016 4.016 4.016 4.016 4.016 4.016 4.016 4.016 4.016 4.016 
    4.016 4.016 4.016 4.016 4.016 4.016 4.016 4.016 4.016 4.016 
    4.016 4.016 4.016 4.016 4.016 4.016 4.016 4.016 4.016 4.016 
    4.016 4.016 4.016 4.016 4.016 4.016 4.016 4.016 4.016 4.016 
    4.016 4.016 4.016 4.016 4.016 4.016 4.016 4.016 4.016 4.016 
    4.016 4.016 4.016 4.016 4.016 4.016 4.016 4.016 4.016 4.016 
    4.016 4.016 4.016 4.016 4.016 4.016 4.016 4.016 4.016 4.016 
    4.016 4.016 4.016 4.016 4.016 4.016 4.016 4.016 4.016 4.016 
    4.016 4.016 4.016 4.016 4.016 4.016 4.016 4.016 4.016 4.016 
    4.016 4.016 4.016 4.016 4.016 4.016 4.016 4.016 4.016 4.016 
    4.016 4.016 4.016 4.016 4.016 4.016 4.016 4.016 4.016 4.016 
    4.016 4.016 4.016 4.016 4.016 4.016 4.016 4.016 3.889 
4.418 4.418 4.418 4.418 4.418 4.418 4.418 4.418 4.418 
    4.418 4.418 4.418 4.418 4.418 4.418 4.418 4.418 4.418 4.418 
    4.418 4.45975 4.5015 4.54325 4.585 4.572 4.559 4.546 4.533 
    4.5395 4.546 4.5525 4.51366666666667 4.47483333333333 4.436 4.6475 
    4.859 5.0705 5.282 5.4935 5.705 5.9165 6.9305 7.9445 8.9585 
    9.9725 9.2805 8.5885 7.8965 7.68330769230769 7.47011538461538 
    7.25692307692308 7.04373076923077 6.83053846153846 6.61734615384615 
    6.40415384615385 6.19096153846154 5.97776923076923 5.76457692307692 
    5.55138461538462 5.33819230769231 5.125 5.1852 5.2454 5.3056 
    5.3658 5.426 5.4 5.374 5.348 5.260125 5.17225 5.084375 4.9965 
    4.9687 4.9409 4.9131 4.8853 4.8575 4.8297 4.8019 4.7741 4.7463 
    4.7185 4.6907 4.6629 4.6351 4.6073 4.5795 4.5517 4.5239 4.4961 
    4.4683 4.4405 4.4127 4.3849 4.3571 4.3293 4.3015 4.2737 4.2459 
    4.2181 4.1903 4.1625 4.1347 4.1069 4.0791 4.0513 4.0235 3.9957 
    3.9679 3.9401 3.9123 3.8845 4.5673 5.2501 5.9329 6.6157 7.2985 
    7.4475 7.5965 7.7455 7.8945 8.00625 8.118 8.03933333333333 
    7.96066666666667 7.882 8.35575 8.8295 8.782 8.7345 8.687 8.715125 
    8.74325 8.771375 8.7995 8.613 8.4265 8.24 8.773125 9.30625 
    9.839375 10.3725 8.30966666666666 6.24683333333333 4.184 3.746625 
    3.30925 2.871875 2.4345 2.10016666666667 1.76583333333333 1.4315 
    1.25958333333333 1.08766666666667 0.91575 0.743833333333333 
    0.571916666666667 0.4 0.4 1.0845 1.769 2.4535 3.138 3.8225 4.507 
    5.1915 6.16625 7.141 7.141 7.141 7.141 7.141 7.141 7.141 7.141 
    7.141 7.141 7.141 7.141 7.141 7.141 7.141 7.141 7.141 7.141 
    7.141 7.141 7.141 7.141 7.141 7.141 7.141 7.141 7.141 7.141 
    7.141 7.141 7.141 7.141 7.141 7.141 7.141 7.141 7.141 7.141 
    7.141 7.141 7.141 7.141 7.141 7.141 7.141 7.141 7.141 7.141 
    7.141 7.141 7.141 7.141 7.141 7.141 7.141 7.141 7.141 7.141 
    7.141 7.141 7.141 7.141 7.141 7.141 7.141 7.141 7.141 7.141 
    7.141 7.141 7.141 7.141 7.141 7.141 7.141 7.141 7.141 7.141 
    7.141 7.141 7.141 7.141 7.141 7.141 7.141 7.141 7.141 7.141 
    7.141 7.141 7.141 7.141 7.141 7.141 7.141 7.141 7.141 7.141 
    7.141 7.141 7.141 7.141 7.141 7.141 7.141 7.141 7.141 7.141 
    7.141 7.141 7.141 7.141 7.141 7.141 7.141 7.141 7.141 7.141 
    7.141 7.141 7.141 7.141 7.141 7.141 7.141 7.141 7.141 7.141 
    7.141 7.141 7.141 7.141 7.141 7.141 7.141 7.141 7.141 7.141 
    7.141 7.141 7.141 7.141 7.141 7.141 7.141 7.141 7.141 7.141 
    7.141 7.141 7.141 7.141 7.141 7.141 7.141 7.141 7.141 7.141 
    7.141 7.141 7.141 7.141 7.141 7.141 7.141 7.141 7.141 7.141 
    7.141 7.141 7.141 7.141 7.141 7.141 7.141 7.141 7.141 7.141 
    7.141 7.141 7.141 7.141 7.141 7.141 7.141 7.141 7.141 7.141 
    7.141 7.141 7.141 7.141 7.141 7.141 7.141 7.141 6.327 
1 2 3 4 5 6 7 8 9 10 11 12 13 14 15 16 17 18 19 
    20 21 22 23 24 25 26 27 28 29 30 31 32 33 34 35 36 37 
    38 39 40 41 42 43 44 45 46 47 48 49 50 51 52 53 54 55 
    56 57 58 59 60 61 62 63 64 65 66 67 68 69 70 71 72 73 
    74 75 76 77 78 79 80 81 82 83 84 85 86 87 88 89 90 91 
    92 93 94 95 96 97 98 99 100 101 102 103 104 105 106 107 
    108 109 110 111 112 113 114 115 116 117 118 119 120 121 
    122 123 124 125 126 127 128 129 130 131 132 133 134 135 
    136 137 138 139 140 141 142 143 144 145 146 147 148 149 
    150 151 152 153 154 155 156 157 158 159 160 161 162 163 
    164 165 166 167 168 169 170 171 172 173 174 175 176 177 
    178 179 180 181 182 183 184 185 186 187 188 189 190 191 
    192 193 194 195 196 197 198 199 200 201 202 203 204 205 
    206 207 208 209 210 211 212 213 214 215 216 217 218 219 
    220 221 222 223 224 225 226 227 228 229 230 231 232 233 
    234 235 236 237 238 239 240 241 242 243 244 245 246 247 
    248 249 250 251 252 253 254 255 256 257 258 259 260 261 
    262 263 264 265 266 267 268 269 270 271 272 273 274 275 
    276 277 278 279 280 281 282 283 284 285 286 287 288 289 
    290 291 292 293 294 295 296 297 298 299 300 301 302 303 
    304 305 306 307 308 309 310 311 312 313 314 315 316 317 
    318 319 320 321 322 323 324 325 326 327 328 329 330 331 
    332 333 334 335 336 337 338 339 340 341 342 343 344 345 
    346 347 348 349 350 351 352 353 354 355 356 357 358 359 
    360 361 362 363 364 365