-1.88970813309733 -1.88970813309733 -1.88970813309733 
    -1.88970813309733 -1.88970813309733 -1.88970813309733 
    -1.88970813309733 -1.88970813309733 -1.88970813309733 
    -1.88970813309733 -1.88970813309733 -1.88970813309733 
    -1.88970813309733 -1.88970813309733 -1.88970813309733 
    -1.88970813309733 -1.88970813309733 -1.88970813309733 
    -1.88970813309733 -1.88970813309733 -1.88970813309733 
    -1.88970813309733 -1.88970813309733 -1.88970813309733 
    -1.88970813309733 -1.88220036612528 -1.88116312694635 
    -1.87891418753101 -1.8854749455514 -1.89203570357179 -1.8991567613415 
    -1.87668227550444 -1.87793762942391 -1.87719157819919 
    -1.87807055671199 -1.87894953522479 -1.87827890892058 
    -1.84990811331326 -1.82153731770593 -1.80639799258265 
    -1.79939658020277 -1.80313720810973 -1.8845652381948 
    -1.84702426408746 -1.84124570675576 -1.81982610995945 
    -1.84747902829917 -1.8283994314501 -1.83092685963201 
    -1.83345428781391 -1.83598171599581 -1.83850914417772 
    -1.84103657235962 -1.84356400054152 -1.84609142872343 
    -1.84861885690533 -1.85114628508723 -1.85367371326913 
    -1.85620114145104 -1.85872856963294 -1.8523473309977 -1.8460507709901 
    -1.83975421098251 -1.83615010781259 -1.83925238313016 
    -1.84994614023833 -1.86063989734651 -1.86416604296372 
    -1.87094177924382 -1.88384767355271 -1.86992965393406 
    -1.86708675927375 -1.86944660436635 -1.86641132944613 
    -1.86337605452591 -1.86034077960569 -1.85730550468548 
    -1.85427022976526 -1.85468451416372 -1.85509879856218 
    -1.85551308296064 -1.8559273673591 -1.85634165175756 
    -1.85675593615602 -1.85717022055448 -1.85758450495294 
    -1.8579987893514 -1.85841307374986 -1.85882735814833 
    -1.85924164254679 -1.85965592694525 -1.86007021134371 
    -1.86048449574217 -1.86089878014063 -1.86131306453909 
    -1.86172734893755 -1.86214163333601 -1.86255591773447 
    -1.86297020213293 -1.86338448653139 -1.86379877092985 
    -1.86421305532832 -1.86462733972678 -1.86504162412524 
    -1.8654559085237 -1.86587019292216 -1.86628447732062 
    -1.86669876171908 -1.86711304611754 -1.867527330516 -1.86794161491446 
    -1.86156636028687 -1.86394037729017 -1.76899300902098 
    -1.7909580136884 -1.83025772262209 -1.82747054383864 
    -1.83744444493738 -1.83227794921771 -1.82738611548162 
    -1.83445811798116 -1.83687540935829 -1.83929270073543 
    -1.84439781698282 -1.84291552213993 -1.83941361809386 
    -1.85876571470188 -1.86300137808298 -1.86378712025402 
    -1.86268828321304 -1.86976113634747 -1.85673019089449 
    -1.84369924544151 -1.83431037469465 -1.84285042114174 
    -1.81867010178238 -1.86003261196792 -1.85705854943477 
    -1.84362246062217 -1.83018637180958 -1.83377560569892 
    -1.83421657983651 -1.83465755397409 -1.83997074041896 
    -1.84276046152415 -1.78931578307414 -1.76371773314157 
    -1.81187212693851 -1.78244467622323 -1.78642506473353 
    -1.73369611410798 -1.76725132802005 -1.72129748869797 
    -1.64525218738513 0.367348316503948 0.502408058837445 
    -0.245471834432843 -0.993351727703131 -1.74123162097342 
    -1.70472312767171 -1.73162539467965 -1.76372132002493 
    -1.05094560000771 -0.757804854777447 -0.453014589608352 
    -1.33580550020268 -1.33242311900865 -1.35666609099943 
    -0.917307991241928 -0.917307991241928 -0.917307991241928 
    -0.917307991241928 -0.917307991241928 -0.917307991241928 
    -0.917307991241928 -0.917307991241928 -0.917307991241928 
    -0.917307991241928 -0.917307991241928 -0.917307991241928 
    -0.917307991241928 -0.917307991241928 -0.917307991241928 
    -0.917307991241928 -0.917307991241928 -0.917307991241928 
    -0.917307991241928 -0.917307991241928 -0.917307991241928 
    -0.917307991241928 -0.917307991241928 -0.917307991241928 
    -0.917307991241928 -0.917307991241928 -0.917307991241928 
    -0.917307991241928 -0.917307991241928 -0.917307991241928 
    -0.917307991241928 -0.917307991241928 -0.917307991241928 
    -0.917307991241928 -0.917307991241928 -0.917307991241928 
    -0.917307991241928 -0.917307991241928 -0.917307991241928 
    -0.917307991241928 -0.917307991241928 -0.917307991241928 
    -0.917307991241928 -0.917307991241928 -0.917307991241928 
    -0.917307991241928 -0.917307991241928 -0.917307991241928 
    -0.917307991241928 -0.917307991241928 -0.917307991241928 
    -0.917307991241928 -0.917307991241928 -0.917307991241928 
    -0.917307991241928 -0.917307991241928 -0.917307991241928 
    -0.917307991241928 -0.917307991241928 -0.917307991241928 
    -0.917307991241928 -0.917307991241928 -0.917307991241928 
    -0.917307991241928 -0.917307991241928 -0.917307991241928 
    -0.917307991241928 -0.917307991241928 -0.917307991241928 
    -0.917307991241928 -0.917307991241928 -0.917307991241928 
    -0.917307991241928 -0.917307991241928 -0.917307991241928 
    -0.917307991241928 -0.917307991241928 -0.917307991241928 
    -0.917307991241928 -0.917307991241928 -0.917307991241928 
    -0.917307991241928 -0.917307991241928 -0.917307991241928 
    -0.917307991241928 -0.917307991241928 -0.917307991241928 
    -0.917307991241928 -0.917307991241928 -0.917307991241928 
    -0.917307991241928 -0.917307991241928 -0.917307991241928 
    -0.917307991241928 -0.917307991241928 -0.917307991241928 
    -0.917307991241928 -0.917307991241928 -0.917307991241928 
    -0.917307991241928 -0.917307991241928 -0.917307991241928 
    -0.917307991241928 -0.917307991241928 -0.917307991241928 
    -0.917307991241928 -0.917307991241928 -0.917307991241928 
    -0.917307991241928 -0.917307991241928 -0.917307991241928 
    -0.917307991241928 -0.917307991241928 -0.917307991241928 
    -0.917307991241928 -0.917307991241928 -0.917307991241928 
    -0.917307991241928 -0.917307991241928 -0.917307991241928 
    -0.917307991241928 -0.917307991241928 -0.917307991241928 
    -0.917307991241928 -0.917307991241928 -0.917307991241928 
    -0.917307991241928 -0.917307991241928 -0.917307991241928 
    -0.917307991241928 -0.917307991241928 -0.917307991241928 
    -0.917307991241928 -0.917307991241928 -0.917307991241928 
    -0.917307991241928 -0.917307991241928 -0.917307991241928 
    -0.917307991241928 -0.917307991241928 -0.917307991241928 
    -0.917307991241928 -0.917307991241928 -0.917307991241928 
    -0.917307991241928 -0.917307991241928 -0.917307991241928 
    -0.917307991241928 -0.917307991241928 -0.917307991241928 
    -0.917307991241928 -0.917307991241928 -0.917307991241928 
    -0.917307991241928 -0.917307991241928 -0.917307991241928 
    -0.917307991241928 -0.917307991241928 -0.917307991241928 
    -0.917307991241928 -0.917307991241928 -0.917307991241928 
    -0.917307991241928 -0.917307991241928 -0.917307991241928 
    -0.917307991241928 -0.917307991241928 -0.917307991241928 
    -0.917307991241928 -0.917307991241928 -0.917307991241928 
    -0.917307991241928 -0.917307991241928 -0.917307991241928 
    -0.917307991241928 -0.917307991241928 -0.917307991241928 
    -0.917307991241928 -0.917307991241928 -0.917307991241928 
    -0.917307991241928 -0.917307991241928 -0.917307991241928 
    -0.917307991241928 -0.917307991241928 -0.917307991241928 
    -0.917307991241928 -0.917307991241928 -0.917307991241928 
    -0.917307991241928 -0.917307991241928 -0.917307991241928 
    -0.917307991241928 -0.917307991241928 -0.917307991241928 
    -0.917307991241928 -0.917307991241928 
34.1815044929115 34.1815044929115 34.1815044929115 34.1815044929115 
    34.1815044929115 34.1815044929115 34.1815044929115 34.1815044929115 
    34.1815044929115 34.1815044929115 34.1815044929115 34.1815044929115 
    34.1815044929115 34.1815044929115 34.1815044929115 34.1815044929115 
    34.1815044929115 34.1815044929115 34.1815044929115 34.1815044929115 
    34.1815044929115 34.1815044929115 34.1815044929115 34.1815044929115 
    34.1815044929115 34.2269671565669 34.2175540063769 34.229386757609 
    34.2384249530075 34.247463148406 34.3155416977742 34.2793151308325 
    34.272171056228 34.2493470026067 34.2394239055846 34.2295008085624 
    34.257224092682 34.2925993691267 34.3279746455715 34.324536684921 
    34.3067165315411 34.2819774978707 34.2363819217756 34.2166752977021 
    34.296149850902 34.3429684742616 34.2383548629233 34.2563833762634 
    34.2691730946818 34.2819628131002 34.2947525315186 34.307542249937 
    34.3203319683554 34.3331216867739 34.3459114051923 34.3587011236107 
    34.3714908420291 34.3842805604475 34.3970702788659 34.4098599972844 
    34.383023323167 34.3856783212693 34.3883333193717 34.375848342266 
    34.3745243000295 34.3543502956907 34.3341762913519 34.3242599907545 
    34.3187259243556 34.3170419499026 34.3139780370901 34.3102911656407 
    34.2768345328259 34.2955866130233 34.3143386932207 34.3330907734181 
    34.3518428536156 34.370594933813 34.3691374237106 34.3676799136083 
    34.366222403506 34.3647648934036 34.3633073833013 34.3618498731989 
    34.3603923630966 34.3589348529943 34.3574773428919 34.3560198327896 
    34.3545623226873 34.3531048125849 34.3516473024826 34.3501897923803 
    34.3487322822779 34.3472747721756 34.3458172620733 34.3443597519709 
    34.3429022418686 34.3414447317663 34.3399872216639 34.3385297115616 
    34.3370722014593 34.3356146913569 34.3341571812546 34.3326996711523 
    34.3312421610499 34.3297846509476 34.3283271408452 34.3268696307429 
    34.3254121206406 34.3239546105382 34.3224971004359 34.3278118530284 
    34.3250177591627 34.2592493301821 34.3285351181077 34.3502102825193 
    34.3282634591823 34.31869786028 34.3100676171373 34.3153537248768 
    34.3121977975004 34.3124700999822 34.312742402464 34.3027578994309 
    34.2946726128429 34.3055412609816 34.2909413128499 34.3219343389102 
    34.3009757320592 34.2607767945694 34.2881452014001 34.2806310813824 
    34.2731169613647 34.3025035385172 34.2551250363016 34.2533911696832 
    34.31952594819 34.3248744667508 34.3213674735716 34.3178604803925 
    34.3205848506917 34.2947348565215 34.2688848623512 34.2525674987077 
    34.2676876258063 34.1470119485252 34.0850073244652 34.0595255358864 
    33.8952131895051 33.8692676578912 33.6736921920108 33.6530952700544 
    33.6204843186067 33.1389697473968 33.6039480419839 33.8521873600625 
    33.8011375118289 33.7500876635953 33.6990378153617 33.6910306918842 
    33.6964410106807 33.7406276719375 33.75352444292 33.0780800645876 
    33.1146490346327 32.9394591623578 33.0495193795014 32.8390000017288 
    32.6384833898965 32.6384833898965 32.6384833898965 32.6384833898965 
    32.6384833898965 32.6384833898965 32.6384833898965 32.6384833898965 
    32.6384833898965 32.6384833898965 32.6384833898965 32.6384833898965 
    32.6384833898965 32.6384833898965 32.6384833898965 32.6384833898965 
    32.6384833898965 32.6384833898965 32.6384833898965 32.6384833898965 
    32.6384833898965 32.6384833898965 32.6384833898965 32.6384833898965 
    32.6384833898965 32.6384833898965 32.6384833898965 32.6384833898965 
    32.6384833898965 32.6384833898965 32.6384833898965 32.6384833898965 
    32.6384833898965 32.6384833898965 32.6384833898965 32.6384833898965 
    32.6384833898965 32.6384833898965 32.6384833898965 32.6384833898965 
    32.6384833898965 32.6384833898965 32.6384833898965 32.6384833898965 
    32.6384833898965 32.6384833898965 32.6384833898965 32.6384833898965 
    32.6384833898965 32.6384833898965 32.6384833898965 32.6384833898965 
    32.6384833898965 32.6384833898965 32.6384833898965 32.6384833898965 
    32.6384833898965 32.6384833898965 32.6384833898965 32.6384833898965 
    32.6384833898965 32.6384833898965 32.6384833898965 32.6384833898965 
    32.6384833898965 32.6384833898965 32.6384833898965 32.6384833898965 
    32.6384833898965 32.6384833898965 32.6384833898965 32.6384833898965 
    32.6384833898965 32.6384833898965 32.6384833898965 32.6384833898965 
    32.6384833898965 32.6384833898965 32.6384833898965 32.6384833898965 
    32.6384833898965 32.6384833898965 32.6384833898965 32.6384833898965 
    32.6384833898965 32.6384833898965 32.6384833898965 32.6384833898965 
    32.6384833898965 32.6384833898965 32.6384833898965 32.6384833898965 
    32.6384833898965 32.6384833898965 32.6384833898965 32.6384833898965 
    32.6384833898965 32.6384833898965 32.6384833898965 32.6384833898965 
    32.6384833898965 32.6384833898965 32.6384833898965 32.6384833898965 
    32.6384833898965 32.6384833898965 32.6384833898965 32.6384833898965 
    32.6384833898965 32.6384833898965 32.6384833898965 32.6384833898965 
    32.6384833898965 32.6384833898965 32.6384833898965 32.6384833898965 
    32.6384833898965 32.6384833898965 32.6384833898965 32.6384833898965 
    32.6384833898965 32.6384833898965 32.6384833898965 32.6384833898965 
    32.6384833898965 32.6384833898965 32.6384833898965 32.6384833898965 
    32.6384833898965 32.6384833898965 32.6384833898965 32.6384833898965 
    32.6384833898965 32.6384833898965 32.6384833898965 32.6384833898965 
    32.6384833898965 32.6384833898965 32.6384833898965 32.6384833898965 
    32.6384833898965 32.6384833898965 32.6384833898965 32.6384833898965 
    32.6384833898965 32.6384833898965 32.6384833898965 32.6384833898965 
    32.6384833898965 32.6384833898965 32.6384833898965 32.6384833898965 
    32.6384833898965 32.6384833898965 32.6384833898965 32.6384833898965 
    32.6384833898965 32.6384833898965 32.6384833898965 32.6384833898965 
    32.6384833898965 32.6384833898965 32.6384833898965 32.6384833898965 
    32.6384833898965 32.6384833898965 32.6384833898965 32.6384833898965 
    32.6384833898965 32.6384833898965 32.6384833898965 32.6384833898965 
    32.6384833898965 32.6384833898965 32.6384833898965 32.6384833898965 
    32.6384833898965 32.6384833898965 32.6384833898965 32.6384833898965 
    32.6384833898965 32.6384833898965 32.6384833898965 32.6384833898965 
    32.6384833898965 32.6384833898965 32.6384833898965 32.6384833898965 
    32.6384833898965 32.6384833898965 32.6384833898965 32.6384833898965 
    32.6384833898965 32.6384833898965 32.6384833898965 32.6384833898965 
    32.6384833898965 
50 50 50 50 50 50 50 50 50 50 50 50 50 50 50 50 50 
    50 50 50 50 50 50 50 50 50 50 50 50 50 50 50 50 50 50 
    50 50 50 50 50 50 42 29 28 39 28 50 50 50 50 50 50 50 
    50 50 50 50 50 50 50 50 50 50 50 50 50 50 50 50 50 50 
    50 50 50 50 50 50 50 50 50 50 50 50 50 50 50 50 50 50 
    50 50 50 50 50 50 50 50 50 50 50 50 50 50 50 50 50 50 
    50 50 50 50 50 50 50 50 50 50 50 50 50 50 50 50 50 
    34.3333333333333 50 40 50 38 23 25.6666666666667 37.8333333333333 
    50 50 50 24 50 50 40.3333333333333 30.6666666666667 50 50 50 
    50 49 15.5 19.6666666666667 10 4.33333333333333 2.5 
    4.66666666666667 5.66666666666667 5.5 6.33333333333333 50 50 37 
    24 11 5 5.33333333333333 11.5 14.25 1.66666666666667 
    19.6666666666667 3 50 34.3333333333333 50 50 50 50 50 50 50 
    50 50 50 50 50 50 50 50 50 50 50 50 50 50 50 50 50 50 
    50 50 50 50 50 50 50 50 50 50 50 50 50 50 50 50 50 50 
    50 50 50 50 50 50 50 50 50 50 50 50 50 50 50 50 50 50 
    50 50 50 50 50 50 50 50 50 50 50 50 50 50 50 50 50 50 
    50 50 50 50 50 50 50 50 50 50 50 50 50 50 50 50 50 50 
    50 50 50 50 50 50 50 50 50 50 50 50 50 50 50 50 50 50 
    50 50 50 50 50 50 50 50 50 50 50 50 50 50 50 50 50 50 
    50 50 50 50 50 50 50 50 50 50 50 50 50 50 50 50 50 50 
    50 50 50 50 50 50 50 50 50 50 50 50 50 50 50 50 50 50 
    50 50 50 50 50 50 50 50 50 50 50 50 50 50 50 50 50 50 
    50 50 50 50 50 50 50 50 50 50 
0.0740394913277343 0.0740394913277343 0.0740394913277343 
    0.0740394913277343 0.0740394913277343 0.0740394913277343 
    0.0740394913277343 0.0740394913277343 0.0740394913277343 
    0.0740394913277343 0.0740394913277343 0.0740394913277343 
    0.0740394913277343 0.0739845238678593 0.0254318237750148 
    0.00452424637213569 -0.0150539748639059 0.00814419528568188 
    0.052499485007934 -0.0198511592951535 -0.0646734760012155 
    -0.02985552039327 0.0583773713855336 0.0943074932802061 
    0.131489144633776 0.0875377114163185 0.0444265338833324 
    0.0512422072803069 0.0361172419986681 0.0343487173378576 
    0.0712177772436214 0.00868808295857367 -0.0119421787119974 
    -0.12107849908192 0.011800028209597 -0.0694380420035366 
    -0.00941298394084832 -0.0498934776979773 -0.100338645846079 
    -0.0876379501624543 -0.0261859049221097 -0.0572896377787625 
    -0.0911148866258381 -0.147220028281953 0.0992849158953652 
    0.241544378597854 0.0641376253559009 -0.0252945828045909 
    -0.211681256265083 -0.115537340229733 -0.0275123851936437 
    -0.986856237668661 -0.0699489853212231 0.0367909679933168 
    0.118813014025791 0.0344232515034755 -0.0340503059046424 
    0.0210001841297789 0.0543300836447578 0.137022644278347 
    0.231945626721507 0.34431630321107 0.463274258144294 
    0.582232213077518 0.701190168010742 0.820148122943966 
    0.93910607787719 1.05806403281041 1.17702198774364 1.29597994267686 
    1.41493789761009 1.53389585254331 1.65285380747653 1.77181176240976 
    1.89076971734298 2.0097276722762 2.12868562720942 2.24764358214264 
    2.36660153707587 2.48555949200909 2.60451744694232 2.72347540187554 
    2.84243335680876 2.96139131174199 3.08034926667521 3.19930722160844 
    3.31826517654166 3.43722313147489 3.55618108640811 3.67513904134133 
    3.79409699627456 3.91305495120778 4.03201290614101 4.15097086107424 
    4.26992881600747 4.38888677094069 4.50784472587392 4.62680268080714 
    4.74576063574036 4.06900713690902 -0.792370986404686 
    -1.17930272721644 0.057492155186744 0.149008786599327 
    0.00136275414508105 0.00445743308947127 -0.039474277368385 
    -0.0991690877478299 -0.113324430728647 -0.0861249805429047 
    -0.00959558543348613 0.0912730978370229 0.118178506380768 
    -0.0473817576920591 -0.0136069954059613 0.0968481806383797 
    0.0909747268596436 0.0200256703521421 -0.0181360429894321 
    0.0178554505336323 0.00544346925043583 -0.0266249726018738 
    -0.0135553176785771 -0.055052196101276 0.0441205134426134 
    0.144636700383051 0.0990885411045985 0.115608286080852 
    0.155372270952743 0.0821038892851113 0.0638652480532675 
    0.0902369898798303 0.0196536573566989 -0.0272707175875537 
    -0.091575586965473 -0.0142589837981305 -0.0269898767119573 
    -0.0401279675642256 -0.00848851480062295 0.11176660260167 
    0.101528313572958 0.00285203630492063 -0.0108042135702812 
    0.00548149465029444 0.0466722943215266 0.046185391666867 
    0.041806703514123 0.0837510028541911 0.0872031935384299 
    0.00418412334693752 0.0820460898184777 0.0996239832115203 
    0.0982137680479339 0.165988841219363 0.0936076576907851 
    -2.46238029120208 -0.112179919796186 -0.0946578912316649 
    0.0538749669407872 0.12716501615944 0.164640091896899 
    0.228735991700057 0.215353815502551 0.200243138972768 
    0.172142288616942 0.0632220225208682 -0.0379018488086175 
    0.0462993033769421 0.0363177722183987 0.0579144954585728 
    0.0341227432933721 -0.675259272058005 -4.7847300540843 
    -5.73657031030885 -5.73657031030885 -5.73657031030885 
    -5.73657031030885 -5.73657031030885 -5.73657031030885 
    -5.73657031030885 -5.73657031030885 -5.73657031030885 
    -5.73657031030885 -5.73657031030885 -5.73657031030885 
    -5.73657031030885 -5.73657031030885 -5.73657031030885 
    -5.73657031030885 -5.73657031030885 -5.73657031030885 
    -5.73657031030885 -5.73657031030885 -5.73657031030885 
    -5.73657031030885 -5.73657031030885 -5.73657031030885 
    -5.73657031030885 -5.73657031030885 -5.73657031030885 
    -5.73657031030885 -5.73657031030885 -5.73657031030885 
    -5.73657031030885 -5.73657031030885 -5.73657031030885 
    -5.73657031030885 -5.73657031030885 -5.73657031030885 
    -5.73657031030885 -5.73657031030885 -5.73657031030885 
    -5.73657031030885 -5.73657031030885 -5.73657031030885 
    -5.73657031030885 -5.73657031030885 -5.73657031030885 
    -5.73657031030885 -5.73657031030885 -5.73657031030885 
    -5.73657031030885 -5.73657031030885 -5.73657031030885 
    -5.73657031030885 -5.73657031030885 -5.73657031030885 
    -5.73657031030885 -5.73657031030885 -5.73657031030885 
    -5.73657031030885 -5.73657031030885 -5.73657031030885 
    -5.73657031030885 -5.73657031030885 -5.73657031030885 
    -5.73657031030885 -5.73657031030885 -5.73657031030885 
    -5.73657031030885 -5.73657031030885 -5.73657031030885 
    -5.73657031030885 -5.73657031030885 -5.73657031030885 
    -5.73657031030885 -5.73657031030885 -5.73657031030885 
    -5.73657031030885 -5.73657031030885 -5.73657031030885 
    -5.73657031030885 -5.73657031030885 -5.73657031030885 
    -5.73657031030885 -5.73657031030885 -5.73657031030885 
    -5.73657031030885 -5.73657031030885 -5.73657031030885 
    -5.73657031030885 -5.73657031030885 -5.73657031030885 
    -5.73657031030885 -5.73657031030885 -5.73657031030885 
    -5.73657031030885 -5.73657031030885 -5.73657031030885 
    -5.73657031030885 -5.73657031030885 -5.73657031030885 
    -5.73657031030885 -5.73657031030885 -5.73657031030885 
    -5.73657031030885 -5.73657031030885 -5.73657031030885 
    -5.73657031030885 -5.73657031030885 -5.73657031030885 
    -5.73657031030885 -5.73657031030885 -5.73657031030885 
    -5.73657031030885 -5.73657031030885 -5.73657031030885 
    -5.73657031030885 -5.73657031030885 -5.73657031030885 
    -5.73657031030885 -5.73657031030885 -5.73657031030885 
    -5.73657031030885 -5.73657031030885 -5.73657031030885 
    -5.73657031030885 -5.73657031030885 -5.73657031030885 
    -5.73657031030885 -5.73657031030885 -5.73657031030885 
    -5.73657031030885 -5.73657031030885 -5.73657031030885 
    -5.73657031030885 -5.73657031030885 -5.73657031030885 
    -5.73657031030885 -5.73657031030885 -5.73657031030885 
    -5.73657031030885 -5.73657031030885 -5.73657031030885 
    -5.73657031030885 -5.73657031030885 -5.73657031030885 
    -5.73657031030885 -5.73657031030885 -5.73657031030885 
    -5.73657031030885 -5.73657031030885 -5.73657031030885 
    -5.73657031030885 -5.73657031030885 -5.73657031030885 
    -5.73657031030885 -5.73657031030885 -5.73657031030885 
    -5.73657031030885 -5.73657031030885 -5.73657031030885 
    -5.73657031030885 -5.73657031030885 -5.73657031030885 
    -5.73657031030885 -5.73657031030885 -5.73657031030885 
    -5.73657031030885 -5.73657031030885 -5.73657031030885 
    -5.73657031030885 -5.73657031030885 -5.73657031030885 
    -5.73657031030885 -5.73657031030885 -5.73657031030885 
    -5.73657031030885 -5.73657031030885 -5.73657031030885 
    -5.73657031030885 -5.73657031030885 -5.73657031030885 
    -5.73657031030885 -5.73657031030885 -5.73657031030885 
    -5.73657031030885 -5.73657031030885 -5.73657031030885 
    -5.73657031030885 -5.73657031030885 -5.73657031030885 
    -5.73657031030885 -5.73657031030885 -5.73657031030885 
0.0274485046094646 0.0274485046094646 0.0274485046094646 
    0.0274485046094646 0.0274485046094646 0.0274485046094646 
    0.0274485046094646 0.0274485046094646 0.0274485046094646 
    0.0274485046094646 0.0274485046094646 0.0274485046094646 
    0.0274485046094646 0.0275130103596091 0.000980591952271324 
    0.0109861241614702 0.0252624237914661 -0.043578229622941 
    0.0292002697487957 -0.0706991320567177 -0.0042801484331626 
    0.103935189952028 0.0626366661320573 -0.00819988466481284 
    -0.0348792797217267 -0.014743592537157 -0.00102605957274848 
    0.0121961021229275 0.0494573510829423 0.0222777188011217 
    -0.0472854915548221 -0.0267442896353636 -0.157388557567382 
    -0.210773108264847 0.120151933396093 0.239293223638008 
    0.276048632582961 0.169608398739044 0.120040937751976 
    0.100166003832607 0.076736583008413 0.0937298734997512 
    0.147167259698508 0.112618925516896 -0.0467862265081078 
    -0.0695629617225595 0.140507747824407 0.195154316815246 
    0.137977615409346 0.302086438847092 0.169013403136115 
    -0.909290929882075 0.0400283355090704 0.0258759342774502 
    0.0347483643957433 0.0215499400720539 0.0596329126545857 
    -0.0179513223716226 -0.0370431148781034 -0.0432809830645901 
    -0.0710813551063435 -0.0512559966247106 -0.0178711428529406 
    0.0155137109188293 0.0488985646905993 0.0822834184623694 
    0.115668272234139 0.149053126005909 0.182437979777679 
    0.215822833549449 0.24920768732122 0.282592541092989 0.31597739486476 
    0.34936224863653 0.3827471024083 0.41613195618007 0.44951680995184 
    0.48290166372361 0.516286517495379 0.549671371267148 
    0.583056225038918 0.616441078810688 0.649825932582459 
    0.683210786354228 0.716595640125998 0.749980493897769 
    0.783365347669539 0.816750201441308 0.850135055213079 
    0.883519908984849 0.916904762756619 0.950289616528389 
    0.983674470300159 1.01705932407193 1.0504441778437 1.08382903161547 
    1.11721388538724 1.15059873915901 1.18398359293078 -0.185200139460862 
    -1.63935525025197 -0.527540745161905 -0.0589977661780937 
    -0.115464479814977 -0.174665731194902 -0.0279169176054204 
    -0.00252382221566182 0.0444314318692647 0.0925624077224876 
    0.059159752626662 0.0425983529589877 0.0611813748903946 
    0.100171417894881 0.152031224394333 0.201903310163519 
    0.169534328435523 0.0759549061658312 0.0641311391225374 
    0.0250621961428146 -0.00463341670224257 0.0207958562124366 
    0.0377125772990386 0.0621344928148917 0.0761333540314066 
    0.0348403319375835 0.120982348850374 0.102317778506687 
    0.0333390551868309 0.0915068792999066 0.093211529823398 
    0.0174281732652675 -0.0264038985544784 -0.0300909053224033 
    -0.0213894434116777 0.0213797394780275 0.0999223483995853 
    -0.0131457786338936 -0.0821893260699826 0.108428922860713 
    0.132272206551391 0.289101879136205 0.139903052751597 
    0.0221392872484378 0.0436079437533163 0.067952165957034 
    0.0904259431573021 0.0689002296821648 0.0283611290712778 
    -0.019855377848461 0.0733182720567415 0.0414160137097362 
    0.09397914700372 0.159896739377859 0.295924349047633 
    0.376238107268294 -0.848917940094444 0.118577987798452 
    -0.037434956173994 0.029563434057061 0.0537331355804597 
    0.172559675669642 0.302037880989807 0.161538123304352 
    0.0429221761966503 -0.0505746609546229 0.0777602613918553 
    0.0205652725220253 0.102217445532097 0.0710407670079887 
    -0.0229567055588906 0.0935507125761302 1.14943068981033 
    0.697078203630834 -1.1010103137517 -1.1010103137517 -1.1010103137517 
    -1.1010103137517 -1.1010103137517 -1.1010103137517 -1.1010103137517 
    -1.1010103137517 -1.1010103137517 -1.1010103137517 -1.1010103137517 
    -1.1010103137517 -1.1010103137517 -1.1010103137517 -1.1010103137517 
    -1.1010103137517 -1.1010103137517 -1.1010103137517 -1.1010103137517 
    -1.1010103137517 -1.1010103137517 -1.1010103137517 -1.1010103137517 
    -1.1010103137517 -1.1010103137517 -1.1010103137517 -1.1010103137517 
    -1.1010103137517 -1.1010103137517 -1.1010103137517 -1.1010103137517 
    -1.1010103137517 -1.1010103137517 -1.1010103137517 -1.1010103137517 
    -1.1010103137517 -1.1010103137517 -1.1010103137517 -1.1010103137517 
    -1.1010103137517 -1.1010103137517 -1.1010103137517 -1.1010103137517 
    -1.1010103137517 -1.1010103137517 -1.1010103137517 -1.1010103137517 
    -1.1010103137517 -1.1010103137517 -1.1010103137517 -1.1010103137517 
    -1.1010103137517 -1.1010103137517 -1.1010103137517 -1.1010103137517 
    -1.1010103137517 -1.1010103137517 -1.1010103137517 -1.1010103137517 
    -1.1010103137517 -1.1010103137517 -1.1010103137517 -1.1010103137517 
    -1.1010103137517 -1.1010103137517 -1.1010103137517 -1.1010103137517 
    -1.1010103137517 -1.1010103137517 -1.1010103137517 -1.1010103137517 
    -1.1010103137517 -1.1010103137517 -1.1010103137517 -1.1010103137517 
    -1.1010103137517 -1.1010103137517 -1.1010103137517 -1.1010103137517 
    -1.1010103137517 -1.1010103137517 -1.1010103137517 -1.1010103137517 
    -1.1010103137517 -1.1010103137517 -1.1010103137517 -1.1010103137517 
    -1.1010103137517 -1.1010103137517 -1.1010103137517 -1.1010103137517 
    -1.1010103137517 -1.1010103137517 -1.1010103137517 -1.1010103137517 
    -1.1010103137517 -1.1010103137517 -1.1010103137517 -1.1010103137517 
    -1.1010103137517 -1.1010103137517 -1.1010103137517 -1.1010103137517 
    -1.1010103137517 -1.1010103137517 -1.1010103137517 -1.1010103137517 
    -1.1010103137517 -1.1010103137517 -1.1010103137517 -1.1010103137517 
    -1.1010103137517 -1.1010103137517 -1.1010103137517 -1.1010103137517 
    -1.1010103137517 -1.1010103137517 -1.1010103137517 -1.1010103137517 
    -1.1010103137517 -1.1010103137517 -1.1010103137517 -1.1010103137517 
    -1.1010103137517 -1.1010103137517 -1.1010103137517 -1.1010103137517 
    -1.1010103137517 -1.1010103137517 -1.1010103137517 -1.1010103137517 
    -1.1010103137517 -1.1010103137517 -1.1010103137517 -1.1010103137517 
    -1.1010103137517 -1.1010103137517 -1.1010103137517 -1.1010103137517 
    -1.1010103137517 -1.1010103137517 -1.1010103137517 -1.1010103137517 
    -1.1010103137517 -1.1010103137517 -1.1010103137517 -1.1010103137517 
    -1.1010103137517 -1.1010103137517 -1.1010103137517 -1.1010103137517 
    -1.1010103137517 -1.1010103137517 -1.1010103137517 -1.1010103137517 
    -1.1010103137517 -1.1010103137517 -1.1010103137517 -1.1010103137517 
    -1.1010103137517 -1.1010103137517 -1.1010103137517 -1.1010103137517 
    -1.1010103137517 -1.1010103137517 -1.1010103137517 -1.1010103137517 
    -1.1010103137517 -1.1010103137517 -1.1010103137517 -1.1010103137517 
    -1.1010103137517 -1.1010103137517 -1.1010103137517 -1.1010103137517 
    -1.1010103137517 -1.1010103137517 -1.1010103137517 -1.1010103137517 
    -1.1010103137517 -1.1010103137517 -1.1010103137517 -1.1010103137517 
    -1.1010103137517 -1.1010103137517 -1.1010103137517 -1.1010103137517 
    -1.1010103137517 -1.1010103137517 -1.1010103137517 -1.1010103137517 
    -1.1010103137517 
0 0 0 0 0 0 0 0 0 0 0 0 0 0 0 0 0 0 0 0 0 0 0 
    0 0 0 0 0 0 0 0 0 0 0 0 0 0 0 0 0 0 0 0 0 0 0 0 
    0 0 0 0 0 0 0 0 0 0 0 0 0 0 0 0 0 0 0 0 0 0 0 0 
    0 0 0 0 0 0 0 0 0 0 0 0 0 0 0 0 0 0 0 0 0 0 0 0 
    0 0 0 0 0 0 0 0 0 0 0 0 0 0 0 0 0 0 0 0 0 0 0 0 
    0 0 0 0 0 0 0 0 0 0 0 0 0 0 0 0 0 0 0 0 0 0 0 0 
    0 0 0 0 0 0 0 0 0 0 0 0 0 0 0 0 0 0 0 0 0 0 0 0 
    0 0 0 0 0 0 0 0 0 0 0 0 0 0 0 0 0 0 0 0 0 0 0 0 
    0 0 0 0 0 0 0 0 0 0 0 0 0 0 0 0 0 0 0 0 0 0 0 0 
    0 0 0 0 0 0 0 0 0 0 0 0 0 0 0 0 0 0 0 0 0 0 0 0 
    0 0 0 0 0 0 0 0 0 0 0 0 0 0 0 0 0 0 0 0 0 0 0 0 
    0 0 0 0 0 0 0 0 0 0 0 0 0 0 0 0 0 0 0 0 0 0 0 0 
    0 0 0 0 0 0 0 0 0 0 0 0 0 0 0 0 0 0 0 0 0 0 0 0 
    0 0 0 0 0 0 0 0 0 0 0 0 0 0 0 0 0 0 0 0 0 0 0 0 
    0 0 0 0 0 0 0 0 0 0 0 0 0 0 0 0 0 0 0 0 0 0 0 0 
    0 0 0 0 0 0 
0 0 0 0 0 0 0 0 0 0 0 0 0 0 0 0 0 0 0 0 0 0 0 
    0 0 0 0 0 0 0 0 0 0 0 0 0 0 0 0 0 0 0 0 0 0 0 0 
    0 0 0 0 0 0 0 0 0 0 0 0 0 0 0 0 0 0 0 0 0 0 0 0 
    0 0 0 0 0 0 0 0 0 0 0 0 0 0 0 0 0 0 0 0 0 0 0 0 
    0 0 0 0 0 0 0 0 0 0 0 0 0 0 0 0 0 0 0 0 0 0 0 0 
    0 0 0 0 0 0 0 0 0 0 0 0 0 0 0 0 0 0 0 0 0 0 0 0 
    0 0 0 0 0 0 0 0 0 0 0 0 0 0 0 0 0 0 0 0 0 0 0 0 
    0 0 0 0 0 0 0 0 0 0 0 0 0 0 0 0 0 0 0 0 0 0 0 0 
    0 0 0 0 0 0 0 0 0 0 0 0 0 0 0 0 0 0 0 0 0 0 0 0 
    0 0 0 0 0 0 0 0 0 0 0 0 0 0 0 0 0 0 0 0 0 0 0 0 
    0 0 0 0 0 0 0 0 0 0 0 0 0 0 0 0 0 0 0 0 0 0 0 0 
    0 0 0 0 0 0 0 0 0 0 0 0 0 0 0 0 0 0 0 0 0 0 0 0 
    0 0 0 0 0 0 0 0 0 0 0 0 0 0 0 0 0 0 0 0 0 0 0 0 
    0 0 0 0 0 0 0 0 0 0 0 0 0 0 0 0 0 0 0 0 0 0 0 0 
    0 0 0 0 0 0 0 0 0 0 0 0 0 0 0 0 0 0 0 0 0 0 0 0 
    0 0 0 0 0 0 
0 0 0 0 0 0 0 0 0 0 0 0 0 0 0 0 0 0 0 0 0 0 0 
    0 0 -2.63698842411109 0 0 -0.217030738130359 -0.434061476260717 0 
    -1.91313322497877 -0.43031387617751 -0.325396036772161 
    -2.59364346974326 -4.86189090271436 -21.1793964489482 
    -17.9098756869246 -14.640354924901 7.6464105474273 0 
    -0.164119052218276 1.46681143558423 -4.90448800072706 
    -0.552414380772001 -1.55062244616842 -5.2454468007474 0 0 0 0 0 
    0 0 0 0 0 0 0 0 0 0 0 0.478706500084282 0 -1.6760547336424 
    -3.3521094672848 0 0 0 2.82594926587343 0 0 0 0 0 0 0 0 0 
    0 0 0 0 0 0 0 0 0 0 0 0 0 0 0 0 0 0 0 0 0 0 0 0 
    0 0 0 0 0 0 0 0 0 -9.17894184954017 -0.165206365510489 
    -4.38444074334528 -0.868790506412187 0 -0.607072413959467 0 
    -0.264763907127632 0.127144274751718 0.519052456631068 
    -0.967587745234875 -0.713941554479592 -0.109018763468201 0 
    -0.0918987317880582 -0.0290113888810994 0.0156148397888272 
    -0.05087854929635 -0.398419807422992 -0.745961065549634 
    -0.699809878823899 -0.493902534326508 -0.0491503363402875 
    -0.296405807316156 0 -0.619295888604838 -1.23859177720968 
    -0.162578674298122 1.67305582127125 3.50869031684062 
    0.160828053451483 0 -0.16065634019511 -0.467163180081583 
    -1.02662706157255 -0.2945199037182 0 0.368392816398186 
    -1.9868015030991 2.07954963673128 -35.8649011691412 
    -0.658552310688078 -1.53111913256701 -1.14061936255965 
    -0.75011959255229 -0.359619822544929 -7.87638833996613 
    -2.46552760912995 -8.7581206343597 -41.5071331982295 0 
    -29.2182491153332 0 -3.42560589995159 0.728222293153768 
    -5.15380236129446 -5.15380236129446 -5.15380236129446 
    -5.15380236129446 -5.15380236129446 -5.15380236129446 
    -5.15380236129446 -5.15380236129446 -5.15380236129446 
    -5.15380236129446 -5.15380236129446 -5.15380236129446 
    -5.15380236129446 -5.15380236129446 -5.15380236129446 
    -5.15380236129446 -5.15380236129446 -5.15380236129446 
    -5.15380236129446 -5.15380236129446 -5.15380236129446 
    -5.15380236129446 -5.15380236129446 -5.15380236129446 
    -5.15380236129446 -5.15380236129446 -5.15380236129446 
    -5.15380236129446 -5.15380236129446 -5.15380236129446 
    -5.15380236129446 -5.15380236129446 -5.15380236129446 
    -5.15380236129446 -5.15380236129446 -5.15380236129446 
    -5.15380236129446 -5.15380236129446 -5.15380236129446 
    -5.15380236129446 -5.15380236129446 -5.15380236129446 
    -5.15380236129446 -5.15380236129446 -5.15380236129446 
    -5.15380236129446 -5.15380236129446 -5.15380236129446 
    -5.15380236129446 -5.15380236129446 -5.15380236129446 
    -5.15380236129446 -5.15380236129446 -5.15380236129446 
    -5.15380236129446 -5.15380236129446 -5.15380236129446 
    -5.15380236129446 -5.15380236129446 -5.15380236129446 
    -5.15380236129446 -5.15380236129446 -5.15380236129446 
    -5.15380236129446 -5.15380236129446 -5.15380236129446 
    -5.15380236129446 -5.15380236129446 -5.15380236129446 
    -5.15380236129446 -5.15380236129446 -5.15380236129446 
    -5.15380236129446 -5.15380236129446 -5.15380236129446 
    -5.15380236129446 -5.15380236129446 -5.15380236129446 
    -5.15380236129446 -5.15380236129446 -5.15380236129446 
    -5.15380236129446 -5.15380236129446 -5.15380236129446 
    -5.15380236129446 -5.15380236129446 -5.15380236129446 
    -5.15380236129446 -5.15380236129446 -5.15380236129446 
    -5.15380236129446 -5.15380236129446 -5.15380236129446 
    -5.15380236129446 -5.15380236129446 -5.15380236129446 
    -5.15380236129446 -5.15380236129446 -5.15380236129446 
    -5.15380236129446 -5.15380236129446 -5.15380236129446 
    -5.15380236129446 -5.15380236129446 -5.15380236129446 
    -5.15380236129446 -5.15380236129446 -5.15380236129446 
    -5.15380236129446 -5.15380236129446 -5.15380236129446 
    -5.15380236129446 -5.15380236129446 -5.15380236129446 
    -5.15380236129446 -5.15380236129446 -5.15380236129446 
    -5.15380236129446 -5.15380236129446 -5.15380236129446 
    -5.15380236129446 -5.15380236129446 -5.15380236129446 
    -5.15380236129446 -5.15380236129446 -5.15380236129446 
    -5.15380236129446 -5.15380236129446 -5.15380236129446 
    -5.15380236129446 -5.15380236129446 -5.15380236129446 
    -5.15380236129446 -5.15380236129446 -5.15380236129446 
    -5.15380236129446 -5.15380236129446 -5.15380236129446 
    -5.15380236129446 -5.15380236129446 -5.15380236129446 
    -5.15380236129446 -5.15380236129446 -5.15380236129446 
    -5.15380236129446 -5.15380236129446 -5.15380236129446 
    -5.15380236129446 -5.15380236129446 -5.15380236129446 
    -5.15380236129446 -5.15380236129446 -5.15380236129446 
    -5.15380236129446 -5.15380236129446 -5.15380236129446 
    -5.15380236129446 -5.15380236129446 -5.15380236129446 
    -5.15380236129446 -5.15380236129446 -5.15380236129446 
    -5.15380236129446 -5.15380236129446 -5.15380236129446 
    -5.15380236129446 -5.15380236129446 -5.15380236129446 
    -5.15380236129446 -5.15380236129446 -5.15380236129446 
    -5.15380236129446 -5.15380236129446 -5.15380236129446 
    -5.15380236129446 -5.15380236129446 -5.15380236129446 
    -5.15380236129446 -5.15380236129446 -5.15380236129446 
    -5.15380236129446 -5.15380236129446 -5.15380236129446 
    -5.15380236129446 -5.15380236129446 -5.15380236129446 
    -5.15380236129446 -5.15380236129446 -5.15380236129446 
    -5.15380236129446 -5.15380236129446 -5.15380236129446 
    -5.15380236129446 -5.15380236129446 -5.15380236129446 
    -5.15380236129446 -5.15380236129446 
1 2 3 4 5 6 7 8 9 10 11 12 13 14 15 16 17 18 19 20 
    21 22 23 24 25 26 27 28 29 30 31 32 33 34 35 36 37 38 
    39 40 41 42 43 44 45 46 47 48 49 50 51 52 53 54 55 56 
    57 58 59 60 61 62 63 64 65 66 67 68 69 70 71 72 73 74 
    75 76 77 78 79 80 81 82 83 84 85 86 87 88 89 90 91 92 
    93 94 95 96 97 98 99 100 101 102 103 104 105 106 107 108 
    109 110 111 112 113 114 115 116 117 118 119 120 121 122 
    123 124 125 126 127 128 129 130 131 132 133 134 135 136 
    137 138 139 140 141 142 143 144 145 146 147 148 149 150 
    151 152 153 154 155 156 157 158 159 160 161 162 163 164 
    165 166 167 168 169 170 171 172 173 174 175 176 177 178 
    179 180 181 182 183 184 185 186 187 188 189 190 191 192 
    193 194 195 196 197 198 199 200 201 202 203 204 205 206 
    207 208 209 210 211 212 213 214 215 216 217 218 219 220 
    221 222 223 224 225 226 227 228 229 230 231 232 233 234 
    235 236 237 238 239 240 241 242 243 244 245 246 247 248 
    249 250 251 252 253 254 255 256 257 258 259 260 261 262 
    263 264 265 266 267 268 269 270 271 272 273 274 275 276 
    277 278 279 280 281 282 283 284 285 286 287 288 289 290 
    291 292 293 294 295 296 297 298 299 300 301 302 303 304 
    305 306 307 308 309 310 311 312 313 314 315 316 317 318 
    319 320 321 322 323 324 325 326 327 328 329 330 331 332 
    333 334 335 336 337 338 339 340 341 342 343 344 345 346 
    347 348 349 350 351 352 353 354 355 356 357 358 359 360 
    361 362 363 364 365